150
0	0.00	0.00	0.00
1	10.00	15.00	5.93
2	7.00	10.50	3.48
3	13.00	10.40	3.43
4	19.00	15.20	6.04
5	26.00	31.20	14.75
6	3.00	4.50	0.22
7	5.00	6.00	1.03
8	9.00	7.20	1.69
9	16.00	12.80	4.74
10	16.00	12.80	4.74
11	12.00	9.60	2.99
12	19.00	28.50	13.28
13	23.00	34.50	16.54
14	20.00	16.00	6.48
15	8.00	6.40	1.25
16	19.00	15.20	6.04
17	2.00	1.60	0.06
18	12.00	18.00	7.57
19	17.00	13.60	5.17
20	9.00	7.20	1.69
21	11.00	16.50	6.75
22	18.00	14.40	5.61
23	29.00	23.20	10.39
24	3.00	2.40	0.11
25	6.00	4.80	0.38
26	17.00	25.50	11.65
27	16.00	24.00	10.83
28	16.00	24.00	10.83
29	9.00	7.20	1.69
30	21.00	25.20	11.48
31	27.00	40.50	19.81
32	23.00	18.40	7.78
33	11.00	13.20	4.95
34	14.00	11.20	3.86
35	8.00	6.40	1.25
36	5.00	4.00	0.21
37	8.00	6.40	1.25
38	16.00	12.80	4.74
39	31.00	24.80	11.27
40	9.00	13.50	5.12
41	5.00	4.00	0.21
42	5.00	4.00	0.21
43	7.00	5.60	0.82
44	18.00	14.40	5.61
45	16.00	12.80	4.74
46	1.00	0.80	0.00
47	27.00	21.60	9.52
48	36.00	28.80	13.44
49	30.00	24.00	10.83
50	13.00	19.50	8.38
51	10.00	12.00	4.30
52	9.00	13.50	5.12
53	14.00	21.00	9.20
54	18.00	21.60	9.52
55	2.00	1.60	0.06
56	6.00	4.80	0.38
57	7.00	5.60	0.82
58	18.00	27.00	12.46
59	28.00	42.00	20.63
60	3.00	4.50	0.22
61	13.00	15.60	6.26
62	19.00	15.20	6.04
63	10.00	8.00	2.12
64	9.00	7.20	1.69
65	20.00	16.00	6.48
66	25.00	20.00	8.65
67	25.00	20.00	8.65
68	36.00	43.20	21.28
69	6.00	9.00	2.67
70	5.00	6.00	1.03
71	15.00	12.00	4.30
72	25.00	20.00	8.65
73	9.00	13.50	5.12
74	8.00	6.40	1.25
75	18.00	21.60	9.52
76	13.00	19.50	8.38
77	14.00	21.00	9.20
78	3.00	2.40	0.11
79	23.00	27.60	12.79
80	6.00	4.80	0.38
81	26.00	20.80	9.09
82	16.00	19.20	8.22
83	11.00	13.20	4.95
84	7.00	5.60	0.82
85	41.00	32.80	15.62
86	35.00	28.00	13.01
87	26.00	39.00	18.99
88	9.00	13.50	5.12
89	15.00	22.50	10.01
90	3.00	2.40	0.11
91	1.00	0.80	0.00
92	2.00	3.00	0.15
93	22.00	17.60	7.35
94	27.00	40.50	19.81
95	20.00	30.00	14.10
96	11.00	16.50	6.75
97	12.00	18.00	7.57
98	10.00	12.00	4.30
99	9.00	13.50	5.12
100	17.00	13.60	5.17
101	7.00	10.50	3.48
102	30.00	45.00	22.26
103	16.00	12.80	4.74
104	9.00	13.50	5.12
105	21.00	31.50	14.91
106	15.00	22.50	10.01
107	19.00	15.20	6.04
108	23.00	18.40	7.78
109	11.00	16.50	6.75
110	5.00	4.00	0.21
111	19.00	28.50	13.28
112	29.00	43.50	21.44
113	23.00	18.40	7.78
114	21.00	25.20	11.48
115	10.00	15.00	5.93
116	15.00	22.50	10.01
117	3.00	4.50	0.22
118	41.00	61.50	31.24
119	9.00	7.20	1.69
120	28.00	22.40	9.96
121	8.00	9.60	2.99
122	8.00	9.60	2.99
123	16.00	19.20	8.22
124	10.00	8.00	2.12
125	28.00	22.40	9.96
126	7.00	5.60	0.82
127	15.00	22.50	10.01
128	14.00	11.20	3.86
129	6.00	7.20	1.69
130	19.00	22.80	10.18
131	11.00	8.80	2.56
132	12.00	18.00	7.57
133	23.00	27.60	12.79
134	26.00	31.20	14.75
135	17.00	13.60	5.17
136	6.00	4.80	0.38
137	9.00	13.50	5.12
138	15.00	22.50	10.01
139	14.00	11.20	3.86
140	7.00	5.60	0.82
141	27.00	21.60	9.52
142	13.00	15.60	6.26
143	11.00	8.80	2.56
144	16.00	12.80	4.74
145	10.00	12.00	4.30
146	5.00	7.50	1.85
147	25.00	37.50	18.18
148	17.00	20.40	8.87
149	18.00	27.00	12.46
150	10.00	8.00	2.12

0.00	15.23	18.00	22.36	25.00	20.62	11.18	21.21	26.25	32.02	25.50	33.54	15.00	11.18	32.02	30.41	29.15	30.41	15.81	32.02	31.62	18.03	26.93	36.06	30.00	33.54	11.18	5.00	6.32	29.83	25.50	17.46	34.00	24.76	36.06	41.04	41.40	21.21	42.43	33.97	11.18	28.86	25.50	34.18	31.89	29.15	35.47	34.21	27.80	43.93	16.97	26.93	11.31	4.47	22.80	30.46	29.21	23.19	9.06	17.80	18.03	25.50	25.50	34.93	46.52	49.93	40.50	43.86	21.38	12.17	21.10	39.66	22.47	20.12	24.60	27.78	15.65	19.70	31.06	25.55	21.10	27.59	23.32	21.10	24.33	23.02	35.36	18.38	19.24	9.00	32.25	25.61	18.38	20.25	12.04	14.87	15.26	17.20	21.26	17.49	24.04	17.12	19.80	33.62	17.49	7.07	18.44	33.29	27.29	17.12	21.26	9.22	5.00	31.62	24.04	19.03	18.03	14.42	18.11	31.11	31.83	27.89	23.09	29.07	31.91	28.16	33.96	13.93	32.98	26.42	24.35	34.06	11.40	27.31	26.08	38.90	44.05	13.34	10.00	31.24	41.73	30.81	28.65	41.73	20.62	25.32	5.00	10.44	22.36	14.76	21.10	
15.23	0.00	32.56	14.56	32.20	32.20	24.84	21.02	31.58	17.80	15.56	26.40	16.64	26.40	46.87	45.35	42.45	40.71	22.85	28.23	16.49	29.27	39.20	46.17	27.78	37.64	19.42	10.82	12.00	24.04	11.05	10.44	20.88	12.37	24.74	27.20	40.52	35.81	56.85	41.59	24.02	42.01	40.72	49.40	46.10	36.69	39.01	33.73	28.16	39.82	6.32	12.04	15.23	18.44	25.61	34.06	38.90	38.08	23.54	32.02	28.30	38.29	19.24	24.41	38.21	35.00	25.30	51.11	18.03	4.47	8.06	24.84	33.54	32.14	36.35	38.83	10.63	13.42	20.22	16.03	19.21	14.87	26.08	29.55	34.99	36.80	48.27	33.62	15.30	20.52	20.59	39.70	33.02	33.97	26.63	29.68	29.07	32.25	35.61	31.14	38.60	5.00	8.00	18.60	31.14	19.03	20.10	27.78	16.40	19.42	29.73	8.06	19.72	43.27	29.83	33.38	13.60	29.53	28.84	45.61	18.36	22.14	8.06	26.25	33.14	35.74	23.60	11.05	18.11	17.03	27.80	20.40	4.24	39.32	25.61	25.24	29.73	28.46	14.56	38.47	56.08	44.55	43.83	39.00	35.74	39.05	13.45	23.35	17.09	22.14	19.21	
18.00	32.56	0.00	34.41	20.22	23.85	16.40	36.25	36.07	47.42	43.29	50.29	23.43	9.43	21.19	13.00	25.18	32.70	27.46	47.42	49.03	10.44	12.21	23.32	34.99	30.15	16.40	23.00	20.88	38.29	43.29	35.23	52.00	39.36	48.41	55.57	54.20	15.30	32.31	25.50	9.43	12.21	12.08	18.44	24.19	35.81	45.28	47.43	41.34	58.67	32.31	43.32	27.20	14.14	25.06	28.64	18.68	5.83	9.06	15.65	24.76	24.04	42.45	52.61	63.25	65.80	57.72	34.18	30.41	30.07	39.05	55.54	12.04	9.00	11.70	15.23	28.65	31.62	43.60	38.01	29.00	42.06	36.06	29.00	27.78	19.65	31.02	7.07	36.14	20.12	50.16	20.10	13.93	18.38	13.45	12.21	16.40	10.77	16.49	17.49	17.03	35.06	34.93	49.98	17.49	13.93	33.11	49.40	45.18	23.35	16.49	25.00	15.52	31.05	33.97	1.41	29.41	10.00	24.08	22.36	46.53	36.80	40.61	44.28	44.20	35.00	51.62	31.40	50.64	38.60	25.08	52.04	29.15	13.04	30.53	53.34	59.06	5.83	20.59	24.08	31.95	25.00	15.65	55.76	5.39	8.06	22.20	18.03	39.29	17.03	29.00	
22.36	14.56	34.41	0.00	25.00	42.72	33.54	35.36	45.04	15.00	29.15	40.31	11.18	32.02	53.15	47.17	51.48	52.20	35.36	42.72	22.36	26.93	36.40	40.00	14.14	26.93	18.03	20.62	16.12	9.49	21.21	25.00	31.24	7.28	14.14	21.54	55.08	43.01	64.03	33.38	25.00	40.16	45.28	52.80	53.82	49.50	53.08	48.27	42.58	54.13	8.25	14.32	28.07	22.80	16.12	23.41	33.06	40.22	26.87	39.96	39.56	47.85	33.62	36.88	51.22	32.76	28.64	41.76	6.08	18.11	21.10	23.09	30.08	30.08	33.24	34.53	6.71	2.83	9.22	3.61	8.06	9.00	40.05	41.77	46.17	45.28	57.71	38.18	29.83	30.68	32.56	47.71	40.22	42.54	34.13	36.62	37.59	38.42	43.27	39.82	45.80	19.31	7.21	19.24	39.82	21.21	34.06	42.05	29.41	12.37	24.33	13.60	27.29	53.85	43.10	34.67	5.00	35.61	39.85	52.80	13.15	7.62	17.69	40.80	47.52	48.51	36.24	25.18	25.06	4.24	18.25	30.00	17.03	36.14	13.42	19.31	25.30	32.53	14.14	30.27	63.41	53.00	48.80	53.49	39.05	38.48	23.77	32.70	31.62	18.38	8.06	
25.00	32.20	20.22	25.00	0.00	41.23	31.62	46.10	50.54	40.00	47.17	57.01	15.81	25.50	41.23	29.15	45.00	50.99	40.31	56.57	46.10	10.00	14.14	15.00	18.03	10.00	14.14	28.28	22.02	23.77	42.72	40.00	52.92	32.06	36.40	45.71	66.40	35.00	52.20	9.43	15.81	18.38	32.02	36.24	44.41	52.20	59.94	59.20	52.80	68.59	28.16	38.47	36.24	21.10	9.22	8.54	8.25	24.35	19.92	34.23	40.50	43.19	49.04	56.44	69.63	57.43	53.34	19.21	19.03	32.45	40.25	48.04	8.94	11.40	11.40	10.82	22.80	23.09	32.56	28.07	17.03	34.00	48.26	44.38	45.35	39.05	51.04	27.07	43.19	32.65	52.77	40.01	33.06	37.22	29.83	30.27	33.73	30.02	36.01	35.51	37.05	36.72	29.61	44.10	35.51	18.03	43.42	57.38	48.37	13.34	4.12	24.70	26.83	50.25	48.30	19.42	21.21	28.16	40.16	42.58	38.05	23.09	39.22	53.76	56.86	51.26	55.57	37.54	48.51	28.16	7.62	52.20	31.06	13.45	14.32	43.57	49.65	23.09	18.03	6.40	51.92	45.10	35.44	66.60	25.50	18.87	29.83	32.31	46.10	10.63	17.03	
20.62	32.20	23.85	42.72	41.23	0.00	10.00	20.62	13.93	50.00	33.54	35.36	35.36	15.81	20.00	29.15	11.18	10.00	11.18	30.00	46.10	31.62	36.06	47.17	50.25	50.99	30.00	22.36	26.93	50.45	39.05	27.20	43.83	43.91	55.90	59.41	32.70	11.18	26.93	48.47	25.50	35.47	20.12	28.16	16.49	12.04	22.20	26.93	22.09	39.05	36.24	44.05	17.69	22.02	42.01	48.51	42.05	24.76	21.38	8.49	4.47	6.71	29.41	40.80	47.00	66.47	54.82	57.70	41.98	27.80	34.06	56.64	34.93	31.78	35.36	38.95	36.06	40.16	50.99	45.69	41.59	46.65	17.00	7.07	4.12	8.06	16.28	17.69	24.60	12.08	40.31	11.00	10.63	6.71	11.40	11.66	7.62	13.45	9.85	6.40	12.37	31.11	38.95	50.25	6.40	25.00	18.03	33.06	35.78	37.12	37.11	29.15	16.12	11.18	12.37	25.24	38.60	13.89	3.61	17.12	50.48	48.51	38.18	27.02	23.09	11.31	39.85	23.43	46.40	46.62	43.10	44.78	28.02	36.89	46.10	57.43	61.85	18.79	30.41	46.49	26.00	13.93	20.88	35.44	21.21	31.24	19.24	10.20	26.93	33.06	41.59	
11.18	24.84	16.40	33.54	31.62	10.00	0.00	20.62	19.85	42.43	30.41	35.36	25.50	7.07	22.36	25.50	18.03	20.00	11.18	31.62	40.31	22.36	28.28	39.05	40.31	41.23	20.00	14.14	17.46	40.80	33.54	22.80	40.26	35.61	47.17	51.66	37.80	11.18	32.02	39.36	15.81	28.60	18.03	27.07	21.26	20.62	29.21	31.06	25.06	42.49	27.80	36.88	13.15	12.04	32.02	38.64	33.29	19.31	11.70	7.21	8.94	14.32	28.02	39.05	48.05	59.82	49.24	48.88	32.28	20.81	28.64	49.68	26.08	23.02	27.02	30.61	26.83	30.87	42.19	36.72	31.78	38.42	19.72	13.04	14.04	12.04	24.19	12.37	22.02	5.10	37.48	14.87	8.54	9.22	3.16	6.00	4.24	9.00	10.82	6.40	13.89	25.06	30.61	43.42	6.40	15.00	17.46	33.96	32.56	27.17	27.51	20.25	6.32	20.62	17.69	17.80	29.15	7.28	8.54	20.81	42.52	38.90	31.91	28.46	27.80	19.70	38.05	18.68	41.15	37.59	33.14	40.80	20.62	29.00	36.12	49.58	54.45	10.63	20.62	37.16	31.24	19.85	20.40	39.45	15.81	24.41	11.40	2.00	25.00	23.09	31.78	
21.21	21.02	36.25	35.36	46.10	20.62	20.62	0.00	12.21	36.40	14.14	15.00	33.54	26.93	40.31	46.10	31.62	25.00	10.00	11.18	29.15	39.05	47.17	57.01	47.43	54.08	32.02	18.03	24.70	44.72	22.36	11.18	24.21	33.06	45.28	45.54	20.59	30.00	47.43	55.17	32.02	48.30	38.21	47.10	37.11	18.44	18.11	13.42	7.28	22.80	27.17	30.08	9.90	25.50	42.54	50.77	50.33	39.85	28.84	26.02	16.28	27.20	8.94	20.25	27.46	49.93	37.01	65.07	37.64	17.26	18.03	41.15	43.42	40.80	45.22	48.60	30.08	33.73	41.05	37.05	38.28	35.23	5.83	14.32	21.02	28.28	35.78	32.98	6.32	16.16	20.25	31.40	28.07	26.08	23.77	26.48	23.09	29.43	29.02	24.00	32.06	17.12	29.02	34.93	24.00	28.28	3.16	13.34	16.28	36.24	42.45	23.77	21.10	29.15	11.31	37.58	33.24	27.89	17.26	37.66	37.85	42.76	23.09	8.06	12.17	17.69	19.31	10.20	28.60	38.05	44.42	25.50	18.44	47.71	44.38	43.97	47.01	30.46	29.15	52.40	46.49	34.48	40.01	20.52	36.40	44.28	16.28	18.68	7.07	35.61	38.28	
26.25	31.58	36.07	45.04	50.54	13.93	19.85	12.21	0.00	48.10	26.25	24.17	40.79	26.91	33.38	42.94	23.00	13.93	10.44	17.72	41.34	41.88	48.10	58.90	55.58	59.62	37.34	25.18	31.58	54.01	34.48	22.85	36.07	43.93	56.29	57.38	18.79	25.08	38.33	58.83	34.99	48.17	34.01	42.06	29.02	6.40	9.43	13.15	9.49	25.32	37.22	41.79	17.00	29.55	49.04	56.65	53.01	38.01	31.06	21.95	11.40	19.10	20.52	31.06	34.37	62.13	49.20	68.51	46.17	27.29	29.97	53.24	45.80	42.80	46.86	50.45	39.01	43.00	51.79	47.27	46.39	46.32	6.40	7.21	12.04	21.84	25.71	30.81	18.36	17.89	31.89	24.52	24.19	20.62	22.63	24.21	20.00	26.63	23.77	19.72	26.25	28.46	39.46	46.96	19.72	32.70	11.70	21.19	28.32	43.17	46.53	32.06	23.71	18.68	2.24	37.48	42.05	26.25	12.21	30.15	49.34	52.01	34.93	15.23	9.22	5.83	30.23	20.62	40.80	48.26	50.60	37.48	28.16	48.84	51.97	55.71	59.03	30.41	35.90	56.44	37.34	26.00	34.79	21.59	34.41	43.93	22.36	18.60	19.21	40.85	46.39	
32.02	17.80	47.42	15.00	40.00	50.00	42.43	36.40	48.10	0.00	25.00	35.36	25.50	43.01	64.03	60.42	60.21	58.31	40.31	40.00	11.18	41.23	50.99	55.00	26.93	41.23	31.62	28.28	26.93	20.12	15.00	25.30	21.93	8.25	11.18	9.43	53.00	53.15	74.33	48.26	38.08	54.57	57.14	65.37	63.66	53.71	54.34	47.17	42.76	49.65	15.26	6.32	32.76	34.13	31.06	37.85	48.04	53.23	38.95	49.52	46.04	56.08	31.06	29.41	43.46	18.38	14.32	56.29	21.02	22.20	18.44	8.25	44.72	44.38	47.85	49.37	18.97	17.12	10.00	12.17	23.02	6.00	42.06	47.01	52.70	54.45	66.07	49.93	30.08	38.29	25.00	57.28	50.33	51.62	43.93	46.86	46.67	49.20	53.08	48.80	55.97	19.70	12.53	5.00	48.80	33.54	36.40	38.12	24.08	27.17	39.20	23.02	36.88	61.03	46.62	47.93	19.24	46.40	46.62	63.03	2.83	19.31	13.34	39.12	47.68	52.80	29.12	27.73	13.89	12.37	33.14	20.12	22.02	50.80	27.66	7.62	12.04	44.42	26.93	45.18	73.59	62.24	60.46	50.16	51.48	52.50	31.14	41.04	30.41	32.76	23.02	
25.50	15.56	43.29	29.15	47.17	33.54	30.41	14.14	26.25	25.00	0.00	11.18	32.02	35.00	52.20	55.00	44.72	39.05	22.36	15.00	15.81	42.72	52.20	60.42	43.01	53.15	33.54	20.62	25.50	38.47	10.00	8.06	10.30	24.35	35.36	33.38	28.00	41.23	60.42	56.60	36.40	54.34	48.37	57.43	49.77	32.56	30.46	22.36	18.79	25.30	21.40	19.10	17.26	29.83	41.11	49.58	53.23	48.04	34.53	37.11	29.07	40.25	6.32	9.49	22.67	36.24	23.02	66.29	33.42	14.76	8.06	28.16	47.17	45.22	49.65	52.55	26.17	28.60	32.02	29.55	34.71	25.71	19.85	28.02	34.67	40.50	49.40	42.05	8.94	25.32	7.07	43.66	38.83	37.95	33.24	36.35	33.96	39.32	40.52	35.44	43.68	10.63	21.95	22.36	35.44	31.62	15.81	13.34	2.24	34.83	44.29	22.47	28.02	43.01	25.46	44.41	29.07	37.12	29.97	49.98	27.07	36.72	12.37	14.32	23.41	31.83	8.54	12.00	14.76	30.46	43.28	11.40	16.12	52.50	41.11	32.14	34.21	38.05	29.15	53.54	59.51	47.42	50.80	25.32	45.00	50.80	21.10	28.44	7.07	36.72	34.71	
33.54	26.40	50.29	40.31	57.01	35.36	35.36	15.00	24.17	35.36	11.18	0.00	42.43	41.23	55.23	60.83	46.10	38.08	25.00	7.07	25.00	51.48	60.42	69.46	54.08	63.64	43.01	29.15	35.00	49.65	20.62	17.03	15.52	35.47	46.10	43.00	18.68	45.00	61.85	66.40	44.72	62.03	53.15	62.07	51.79	30.41	24.76	15.00	14.76	14.32	32.45	29.83	23.09	38.01	51.62	60.11	62.43	54.34	42.15	41.01	31.14	41.77	8.06	8.06	13.00	43.68	30.08	76.22	44.41	24.76	19.24	37.12	55.95	53.67	58.14	61.29	37.01	39.66	43.01	40.72	45.61	36.69	18.68	28.64	35.17	43.19	49.65	47.68	14.32	30.59	11.18	46.27	43.05	41.05	38.47	41.30	38.05	44.28	44.01	39.00	47.04	21.40	33.12	32.02	39.00	40.31	18.03	3.61	11.40	45.25	53.82	32.56	34.79	42.72	24.35	51.55	40.00	42.58	32.14	52.47	37.66	47.89	23.41	8.94	17.69	29.97	7.62	19.72	23.09	41.63	53.74	17.46	26.17	60.84	52.01	42.05	43.19	44.64	39.05	63.41	60.88	49.03	55.01	15.03	50.99	58.19	28.64	33.38	11.18	46.40	45.61	
15.00	16.64	23.43	11.18	15.81	35.36	25.50	33.54	40.79	25.50	32.02	42.43	0.00	22.36	43.01	36.06	42.72	45.28	30.41	43.01	30.41	15.81	25.50	30.41	15.00	21.21	7.07	15.81	9.22	15.65	26.93	25.50	37.16	17.26	25.00	32.70	54.12	33.54	54.08	25.08	14.14	29.12	34.71	41.87	44.29	44.10	49.73	46.96	40.72	55.00	12.37	23.02	24.35	13.60	9.22	17.69	23.19	29.21	16.64	31.02	33.02	39.56	34.71	41.05	54.67	43.68	38.01	34.48	7.21	17.69	24.70	33.73	19.24	18.97	22.36	24.02	7.07	8.54	20.25	14.76	6.32	19.65	37.00	36.06	39.20	36.40	49.04	27.80	29.41	24.00	37.22	38.48	30.87	33.84	25.30	27.31	29.12	28.65	34.01	31.32	36.24	21.40	14.04	29.07	31.32	11.18	31.38	43.28	33.02	2.83	14.04	10.00	19.24	46.10	38.64	23.60	6.32	25.94	33.06	43.05	24.04	13.89	23.41	40.50	45.31	43.10	40.22	23.85	32.76	15.26	11.31	36.40	16.28	25.32	11.18	30.46	36.40	22.20	5.00	21.93	53.54	43.86	38.29	53.54	28.28	27.31	18.44	25.18	32.02	7.28	6.32	
11.18	26.40	9.43	32.02	25.50	15.81	7.07	26.93	26.91	43.01	35.00	41.23	22.36	0.00	21.21	20.00	20.62	25.50	18.03	38.08	42.72	15.81	21.21	32.02	36.40	35.36	15.81	15.81	16.28	38.01	36.40	27.02	44.28	35.47	46.10	51.86	44.82	11.18	32.02	32.70	10.00	21.63	14.32	23.09	21.95	27.29	36.24	38.01	31.91	49.24	27.80	38.08	18.25	9.22	27.29	33.06	26.42	13.15	6.08	9.06	15.81	18.03	33.54	44.10	54.12	61.06	51.62	42.06	29.53	23.09	31.78	50.77	19.24	16.12	20.00	23.60	25.50	29.21	41.11	35.47	28.64	38.29	26.63	20.00	19.92	14.32	26.93	7.28	27.29	10.77	42.01	16.16	8.54	12.04	4.47	5.10	8.25	6.40	11.70	10.05	13.89	27.89	30.61	44.78	10.05	11.18	23.77	40.16	37.01	23.41	21.38	20.00	7.07	25.00	24.76	10.82	27.20	3.61	15.26	20.81	42.64	36.24	34.18	34.93	34.83	26.42	43.10	23.00	43.97	36.24	28.07	44.55	22.47	21.93	32.02	49.68	55.00	3.61	18.03	30.68	31.40	21.54	17.49	46.32	10.00	17.49	14.14	8.60	30.41	18.25	28.64	
32.02	46.87	21.19	53.15	41.23	20.00	22.36	40.31	33.38	64.03	52.20	55.23	43.01	21.21	0.00	15.81	11.18	22.36	30.41	50.00	62.65	31.62	30.00	40.31	55.90	50.99	36.06	36.06	37.48	58.52	55.90	44.94	62.30	56.64	67.27	73.00	51.66	11.18	11.18	45.04	29.15	27.17	9.22	10.63	5.66	29.41	40.16	46.53	42.05	58.69	48.92	58.82	35.11	30.41	46.10	49.73	38.05	17.12	26.40	15.23	24.08	14.32	48.84	60.21	67.00	81.84	71.59	52.24	50.22	43.05	50.99	71.61	32.56	29.83	31.14	34.01	46.69	50.33	62.29	56.64	49.09	59.46	37.00	27.02	21.38	12.04	13.60	15.26	43.42	27.31	59.20	9.00	13.89	14.32	20.25	17.20	18.38	14.87	11.70	16.76	8.54	47.41	51.74	65.46	16.76	32.02	37.48	53.04	54.41	43.57	37.64	41.11	27.20	18.03	32.14	21.84	48.27	17.69	23.09	3.61	63.78	56.86	54.20	47.01	42.58	29.12	59.23	40.85	63.51	57.38	46.24	62.97	42.72	31.00	51.43	70.84	76.06	20.81	39.05	44.28	10.77	8.60	6.00	54.92	15.81	24.00	33.62	24.17	46.10	37.59	49.09	
30.41	45.35	13.00	47.17	29.15	29.15	25.50	46.10	42.94	60.42	55.00	60.83	36.06	20.00	15.81	0.00	25.00	35.36	36.40	57.01	61.85	21.21	15.81	25.00	46.10	38.08	29.15	35.36	33.84	50.25	55.90	47.01	64.20	52.33	61.03	68.48	61.72	18.03	25.00	30.81	22.36	12.17	9.22	7.28	21.02	40.80	51.31	55.54	49.98	67.42	45.31	56.30	38.12	26.93	36.12	37.59	24.04	7.28	21.84	21.02	31.78	26.17	53.34	64.07	73.55	78.79	70.60	37.00	42.80	42.58	51.48	68.54	20.25	18.44	17.89	19.92	41.59	44.42	56.30	50.77	41.23	55.01	44.60	35.78	32.20	22.02	29.07	13.15	47.17	30.27	62.01	20.52	18.79	22.47	22.36	19.65	23.41	16.76	19.42	23.26	17.69	47.52	47.93	62.97	23.26	26.93	42.95	59.44	57.01	35.61	26.40	37.95	27.02	32.02	41.15	12.53	42.19	18.25	30.87	18.79	59.48	48.92	53.37	53.85	51.89	40.22	63.07	43.00	63.35	51.31	35.61	64.38	41.77	16.76	41.77	66.24	72.01	17.12	33.54	30.68	25.02	23.32	10.30	64.08	10.00	10.30	34.06	27.46	50.25	29.21	41.23	
29.15	42.45	25.18	51.48	45.00	11.18	18.03	31.62	23.00	60.21	44.72	46.10	42.72	20.62	11.18	25.00	0.00	11.18	22.36	40.31	57.01	35.00	36.40	47.43	57.01	55.00	36.40	32.02	35.36	58.31	50.00	38.28	55.01	53.60	65.19	69.53	40.79	10.00	15.81	50.64	30.41	34.54	16.12	21.40	6.08	18.44	29.12	36.06	32.14	48.17	45.80	54.45	28.60	29.15	47.85	53.08	43.74	23.41	26.68	11.70	15.65	4.47	40.50	51.87	57.22	77.16	65.80	58.94	49.77	38.18	45.00	67.18	37.22	34.13	36.67	40.02	44.78	48.76	60.21	54.71	49.04	56.40	27.46	17.46	11.05	6.32	6.32	18.11	35.78	21.93	51.48	5.10	12.17	8.94	17.46	15.52	13.89	15.03	9.06	11.66	8.25	41.87	48.60	60.83	11.66	31.62	29.15	43.57	46.96	43.97	41.01	38.28	24.19	7.07	22.09	26.31	46.96	17.26	14.76	7.62	60.44	56.46	48.92	37.48	32.06	18.25	50.92	34.41	57.43	55.57	48.51	55.95	38.21	37.36	52.63	67.48	72.18	22.09	38.08	49.25	14.87	3.00	14.87	44.28	20.62	30.68	29.07	19.21	38.08	38.83	49.04	
30.41	40.71	32.70	52.20	50.99	10.00	20.00	25.00	13.93	58.31	39.05	38.08	45.28	25.50	22.36	35.36	11.18	0.00	18.03	31.62	53.15	41.23	44.72	55.90	60.21	60.83	40.00	31.62	36.67	60.21	46.10	34.06	49.20	52.80	65.00	67.74	30.15	18.03	25.00	57.87	35.36	43.57	26.17	32.45	17.09	8.06	18.25	26.17	23.41	38.01	45.31	52.15	25.55	32.02	52.01	58.42	51.26	32.45	31.26	17.09	12.65	9.22	33.84	44.78	48.05	73.88	61.52	66.85	51.79	36.24	41.23	64.40	44.27	41.11	44.38	47.93	45.61	49.73	60.17	55.03	51.48	55.46	19.72	11.40	6.08	13.60	12.04	25.94	30.41	21.59	45.22	14.87	18.79	14.32	21.21	20.88	17.26	21.93	16.64	15.52	17.69	38.83	47.93	58.01	15.52	35.00	23.35	35.11	41.23	47.10	46.87	38.60	26.08	5.00	13.89	34.01	48.27	23.09	12.37	18.79	59.06	58.25	45.80	29.15	22.20	8.25	43.91	30.81	53.04	55.97	53.08	50.45	36.67	45.62	56.08	65.86	69.89	28.16	40.31	56.04	24.00	13.93	25.61	34.00	29.15	39.45	28.46	20.10	32.02	43.05	51.48	
15.81	22.85	27.46	35.36	40.31	11.18	11.18	10.00	10.44	40.31	22.36	25.00	30.41	18.03	30.41	36.40	22.36	18.03	0.00	20.62	35.36	32.02	39.05	49.50	45.28	49.24	26.93	15.00	21.21	44.05	28.28	16.28	32.65	35.11	47.43	49.74	26.91	20.00	38.08	48.83	25.00	39.66	28.28	37.12	27.51	14.14	19.70	20.00	13.89	31.30	27.89	34.13	7.62	19.24	38.60	46.24	43.28	30.46	21.26	16.03	6.71	17.89	18.44	29.83	37.34	55.97	43.93	58.60	36.01	18.38	23.35	46.40	36.12	33.24	37.48	41.01	29.07	33.14	42.72	37.85	36.12	37.70	8.60	6.71	12.73	18.44	27.20	23.41	13.42	7.81	29.15	21.59	18.11	16.12	14.32	16.76	13.15	19.65	19.03	14.00	22.09	20.81	30.36	40.00	14.00	22.36	7.07	23.19	24.60	32.76	36.36	22.02	13.60	21.21	8.25	28.84	32.02	18.38	7.62	27.89	41.15	42.05	27.80	17.46	16.97	13.15	28.86	12.81	35.47	38.83	40.16	33.62	18.97	39.70	41.59	47.89	51.87	21.63	25.50	46.32	37.16	25.08	30.02	28.30	26.93	35.51	12.04	9.43	15.81	30.46	36.12	
32.02	28.23	47.42	42.72	56.57	30.00	31.62	11.18	17.72	40.00	15.00	7.07	43.01	38.08	50.00	57.01	40.31	31.62	20.62	0.00	30.41	50.00	58.31	68.01	55.90	64.03	42.43	28.28	34.71	52.20	25.00	17.89	21.93	38.83	50.25	48.26	13.00	40.31	55.90	65.80	43.01	59.48	48.84	57.56	46.17	23.77	17.69	8.06	8.25	12.04	34.54	34.06	20.81	36.40	52.20	60.61	61.22	50.92	39.96	36.50	26.08	36.12	9.22	15.00	17.00	49.98	36.40	75.69	46.07	25.55	22.36	42.76	54.41	51.87	56.30	59.64	38.47	41.63	46.69	43.68	47.01	40.45	13.00	23.02	29.27	38.01	43.42	43.97	13.60	27.31	17.46	41.00	38.64	36.12	34.79	37.36	33.73	40.26	39.20	34.37	42.11	23.41	35.74	37.22	34.37	39.05	14.32	3.61	16.12	45.80	53.08	33.02	32.25	36.40	18.25	48.75	41.59	38.90	27.07	47.04	42.05	50.33	27.17	3.16	10.63	23.41	14.42	19.21	28.86	44.64	54.20	23.77	26.93	58.83	53.34	47.10	48.84	41.63	39.05	62.94	54.92	43.29	50.36	10.77	47.43	55.46	27.02	29.73	11.18	45.97	47.01	
31.62	16.49	49.03	22.36	46.10	46.10	40.31	29.15	41.34	11.18	15.81	25.00	30.41	42.72	62.65	61.85	57.01	53.15	35.36	30.41	0.00	45.00	55.00	60.83	36.06	49.24	35.00	26.93	28.28	29.83	7.07	19.10	10.77	15.26	22.36	18.00	43.29	51.48	72.11	55.08	40.31	58.08	57.01	65.79	61.29	47.43	46.24	38.08	34.54	39.12	18.11	8.06	28.43	34.93	37.95	45.69	53.60	54.57	40.02	47.51	41.77	52.63	22.14	18.44	32.31	20.81	8.94	63.91	28.23	19.70	12.04	12.37	49.04	48.01	52.01	54.15	23.35	23.41	20.62	20.81	30.08	14.87	34.99	41.77	48.08	51.87	62.37	49.98	23.02	35.51	14.14	54.92	48.76	49.09	42.49	45.62	44.42	48.33	51.11	46.32	54.20	15.26	16.49	7.07	46.32	35.36	30.00	28.07	14.32	32.76	44.41	24.19	35.85	56.57	40.22	49.82	25.00	45.69	42.52	61.06	13.89	28.60	8.54	30.08	39.22	46.62	18.25	22.67	2.83	21.40	40.16	8.94	20.25	55.01	35.78	17.12	18.44	44.92	30.00	51.92	71.28	59.41	60.01	40.01	52.20	55.33	29.07	38.59	22.36	37.12	30.08	
18.03	29.27	10.44	26.93	10.00	31.62	22.36	39.05	41.88	41.23	42.72	51.48	15.81	15.81	31.62	21.21	35.00	41.23	32.02	50.00	45.00	0.00	10.00	18.03	25.00	20.00	10.00	22.36	17.46	29.07	40.31	34.93	50.01	32.98	40.31	48.47	58.73	25.00	42.72	17.00	7.07	13.34	22.47	27.80	34.53	42.95	51.31	51.62	45.25	61.85	27.07	38.21	29.21	13.60	15.00	18.25	11.31	15.26	10.82	24.33	31.30	33.24	43.42	52.20	64.41	59.48	53.15	26.63	21.95	28.16	36.88	49.48	4.47	3.16	7.07	9.85	22.36	24.35	35.78	30.46	20.25	35.44	40.36	35.36	35.74	29.07	41.05	17.12	37.22	24.21	49.04	30.02	23.09	27.29	20.25	20.40	24.04	20.02	26.02	25.71	27.07	32.98	29.27	44.55	25.71	11.18	36.12	51.31	44.27	14.76	6.08	21.21	18.44	40.31	39.66	9.85	22.14	18.25	30.87	32.76	39.85	27.80	37.12	47.01	48.92	42.05	51.26	31.76	47.04	30.87	14.76	49.65	26.93	10.05	20.62	46.24	52.20	13.15	15.00	14.87	42.38	35.13	26.00	59.46	15.81	11.66	23.02	23.32	40.31	8.54	20.25	
26.93	39.20	12.21	36.40	14.14	36.06	28.28	47.17	48.10	50.99	52.20	60.42	25.50	21.21	30.00	15.81	36.40	44.72	39.05	58.31	55.00	10.00	0.00	11.18	32.02	22.36	20.00	31.62	27.29	37.22	50.25	44.27	59.84	42.76	49.24	57.87	65.95	26.93	40.31	15.13	15.81	4.24	21.10	23.09	34.23	48.01	57.38	59.03	52.80	69.89	37.05	48.17	37.59	22.47	22.47	22.20	8.25	13.15	18.36	27.78	36.88	35.85	52.39	61.68	73.41	69.12	63.13	22.56	31.02	37.85	46.69	59.23	6.32	7.07	3.16	4.12	32.25	33.96	44.94	39.85	29.15	45.12	47.63	41.11	39.96	31.38	41.77	18.79	46.10	31.40	58.69	31.32	25.94	30.41	25.50	24.41	28.60	22.83	28.23	29.68	28.16	42.76	39.20	54.45	29.68	20.62	44.10	59.94	53.85	24.04	12.53	31.14	26.08	42.72	45.97	10.82	31.78	22.20	36.24	32.14	49.48	36.24	47.10	55.23	55.97	47.20	60.73	40.85	57.04	40.16	21.40	59.54	36.67	1.00	28.02	55.66	61.68	17.69	25.00	14.87	40.20	35.69	24.00	67.20	15.81	6.00	31.78	29.73	49.24	18.25	29.15	
36.06	46.17	23.32	40.00	15.00	47.17	39.05	57.01	58.90	55.00	60.42	69.46	30.41	32.02	40.31	25.00	47.43	55.90	49.50	68.01	60.83	18.03	11.18	0.00	31.62	18.03	26.93	40.31	34.93	38.08	57.01	52.77	67.05	47.04	50.99	60.53	76.38	38.08	50.00	8.60	25.00	13.15	31.78	32.06	44.91	59.08	68.25	69.35	63.03	79.81	42.76	53.34	47.20	31.62	24.08	19.70	7.28	24.04	28.32	38.95	47.80	47.01	61.40	69.86	82.37	72.34	68.26	12.00	34.01	45.69	54.08	63.03	13.60	16.28	12.04	8.49	37.48	38.05	47.38	43.05	32.02	49.00	58.00	52.01	51.11	42.54	52.63	29.97	55.23	41.73	66.48	42.38	37.12	41.59	36.40	35.51	39.66	34.00	39.40	40.82	39.22	50.33	44.41	59.08	40.82	29.15	54.04	69.34	61.85	28.16	16.49	38.28	36.12	53.85	56.73	21.95	36.12	33.29	47.20	42.76	53.04	37.66	53.60	65.00	66.47	58.25	68.94	49.74	63.15	43.10	22.20	66.48	44.38	10.30	28.64	58.42	64.50	28.60	31.62	10.77	50.01	46.57	34.37	77.34	26.93	16.76	41.05	40.36	58.31	24.04	32.02	
30.00	27.78	34.99	14.14	18.03	50.25	40.31	47.43	55.58	26.93	43.01	54.08	15.00	36.40	55.90	46.10	57.01	60.21	45.28	55.90	36.06	25.00	32.02	31.62	0.00	15.00	20.62	30.41	24.08	7.07	35.36	38.01	45.34	20.81	20.00	30.07	67.78	47.43	67.08	23.54	26.93	36.24	47.01	52.80	57.94	59.08	64.33	60.75	54.71	67.60	21.63	28.02	38.83	28.28	10.00	12.17	25.94	40.22	30.36	45.35	48.01	54.13	47.01	50.99	65.30	42.11	41.23	30.07	9.85	30.46	35.00	33.96	26.17	27.66	29.07	28.84	17.46	14.42	17.46	15.26	9.22	21.47	51.42	51.04	54.15	50.70	63.32	40.72	42.54	39.00	46.69	52.50	44.92	48.27	39.81	41.48	43.74	42.38	48.08	45.89	49.98	32.76	21.26	31.78	45.89	25.50	45.61	55.57	43.42	13.15	19.80	23.77	34.13	60.83	53.46	34.67	14.32	39.85	48.04	56.46	24.35	7.62	31.83	53.71	59.48	58.08	50.33	37.34	38.83	14.76	10.63	44.05	29.15	31.40	4.47	28.16	34.06	35.47	20.00	20.88	66.64	57.87	50.61	66.64	40.31	36.07	33.24	40.11	44.72	18.38	9.22	
33.54	37.64	30.15	26.93	10.00	50.99	41.23	54.08	59.62	41.23	53.15	63.64	21.21	35.36	50.99	38.08	55.00	60.83	49.24	64.03	49.24	20.00	22.36	18.03	15.00	0.00	22.36	36.06	29.41	22.02	47.17	46.69	57.45	34.18	35.00	45.04	74.63	45.00	61.85	9.43	25.50	26.42	41.77	45.31	54.33	61.68	68.94	67.42	61.06	76.06	32.45	41.23	44.42	30.08	12.04	3.61	14.42	33.96	29.61	44.18	50.00	53.15	55.90	62.01	75.82	57.08	55.36	15.13	21.02	38.90	45.61	48.66	18.44	21.21	20.25	18.36	27.20	25.94	32.25	29.12	19.24	35.44	56.82	53.76	55.11	49.04	61.03	37.05	50.45	41.79	58.01	50.01	43.05	47.17	39.62	40.20	43.57	40.01	46.01	45.40	47.04	42.52	33.12	45.88	45.40	26.93	51.62	64.44	54.04	18.38	14.04	31.14	36.06	60.21	57.38	29.27	24.70	38.12	49.73	52.47	38.83	22.20	43.57	61.40	65.37	60.73	61.22	44.82	51.89	28.86	9.90	56.44	37.48	21.47	13.60	43.10	49.04	33.06	25.00	7.81	61.61	55.08	45.12	74.40	35.36	27.86	38.08	41.76	53.15	18.79	19.24	
11.18	19.42	16.40	18.03	14.14	30.00	20.00	32.02	37.34	31.62	33.54	43.01	7.07	15.81	36.06	29.15	36.40	40.00	26.93	42.43	35.00	10.00	20.00	26.93	20.62	22.36	0.00	14.14	8.06	22.47	30.41	26.08	40.26	23.41	32.02	39.36	52.43	26.93	47.17	23.43	7.07	23.19	27.66	34.83	37.58	39.81	46.62	45.22	38.83	54.45	17.12	28.28	22.20	8.06	12.04	19.31	19.70	22.20	9.85	24.74	28.28	33.54	35.00	42.95	55.76	49.98	43.19	33.30	14.21	18.79	27.20	39.85	14.14	13.04	17.03	19.42	12.65	15.26	27.20	21.63	13.04	26.00	34.48	31.78	34.01	30.08	42.72	20.81	29.07	19.65	39.56	31.95	24.35	27.66	19.24	20.88	23.19	21.93	27.51	25.32	29.55	23.41	19.42	34.71	25.32	5.00	29.41	43.28	34.93	7.62	10.82	11.40	14.14	40.31	35.11	16.64	13.04	19.31	28.16	36.24	30.46	20.81	27.17	39.62	43.05	38.83	42.05	23.43	37.05	22.20	13.34	39.81	17.46	20.02	16.28	37.12	42.95	15.26	5.00	20.52	46.65	37.34	31.24	52.50	21.21	20.88	15.81	20.10	32.02	3.61	13.04	
5.00	10.82	23.00	20.62	28.28	22.36	14.14	18.03	25.18	28.28	20.62	29.15	15.81	15.81	36.06	35.36	32.02	31.62	15.00	28.28	26.93	22.36	31.62	40.31	30.41	36.06	14.14	0.00	6.71	29.07	20.62	12.65	29.00	21.63	33.54	37.54	38.59	25.00	46.10	37.54	15.81	33.73	30.08	38.90	35.38	29.07	33.96	31.38	25.06	40.31	13.89	22.80	8.54	9.22	24.60	32.76	33.29	28.16	14.04	21.26	18.97	28.02	21.10	30.08	42.06	45.80	35.85	47.42	21.02	7.28	16.12	35.61	26.83	24.70	29.15	32.20	14.14	18.25	28.64	23.41	21.21	24.41	21.19	21.21	25.63	26.17	38.01	23.09	15.00	10.30	27.29	29.00	22.20	23.35	15.81	18.87	18.38	21.47	24.84	20.52	27.80	12.17	16.64	29.41	20.52	11.18	15.65	29.21	22.36	18.38	24.84	7.07	8.94	33.54	23.09	24.02	17.03	18.79	19.31	34.83	28.43	27.07	18.38	25.50	29.55	28.07	29.12	9.43	28.16	24.35	26.42	29.07	6.71	31.95	26.93	35.47	40.31	18.25	11.18	34.66	45.34	33.97	33.11	38.42	25.50	30.27	3.16	12.81	18.03	17.69	21.21	
6.32	12.00	20.88	16.12	22.02	26.93	17.46	24.70	31.58	26.93	25.50	35.00	9.22	16.28	37.48	33.84	35.36	36.67	21.21	34.71	28.28	17.46	27.29	34.93	24.08	29.41	8.06	6.71	0.00	23.54	23.02	18.03	32.56	19.21	30.00	35.61	45.28	27.02	48.17	31.40	12.04	30.02	30.23	38.47	37.80	35.01	40.52	38.08	31.76	46.75	11.66	22.47	15.23	7.21	17.89	26.08	27.73	26.57	12.08	23.85	24.19	31.78	27.02	34.93	47.71	45.18	36.88	41.23	15.13	10.77	19.42	34.89	21.84	20.22	24.52	27.20	9.43	13.42	25.00	19.42	15.00	22.02	27.86	27.00	30.59	29.15	41.59	23.02	21.21	15.13	31.62	31.62	24.21	26.42	18.03	20.62	21.47	22.63	27.20	23.71	29.83	15.52	14.42	29.15	23.71	7.07	22.36	35.38	26.93	11.70	18.87	4.12	11.18	37.95	29.43	21.59	11.70	19.80	24.33	36.88	26.40	21.59	20.02	32.02	36.25	34.01	34.01	15.56	30.07	20.25	19.72	32.25	9.49	27.46	20.40	33.42	38.83	17.49	4.47	28.43	47.51	36.89	33.60	45.00	24.60	27.07	9.22	16.76	24.08	11.40	15.00	
29.83	24.04	38.29	9.49	23.77	50.45	40.80	44.72	54.01	20.12	38.47	49.65	15.65	38.01	58.52	50.25	58.31	60.21	44.05	52.20	29.83	29.07	37.22	38.08	7.07	22.02	22.47	29.07	23.54	0.00	30.00	34.48	39.62	14.87	13.04	23.02	64.56	49.19	69.64	30.27	29.41	41.34	50.00	56.59	59.94	58.14	62.29	57.72	51.97	63.56	17.72	21.93	37.01	29.15	14.76	19.03	31.95	43.86	32.25	46.62	47.68	55.03	43.08	45.80	60.22	35.06	34.44	37.12	8.54	27.46	30.41	26.93	31.06	32.02	34.13	34.44	15.00	11.05	10.44	9.22	9.43	15.00	49.25	50.25	54.13	52.00	64.62	43.27	39.29	38.64	41.40	54.13	46.52	49.40	40.85	42.95	44.60	44.29	49.66	46.82	51.88	28.79	16.55	25.06	46.82	26.83	43.29	51.48	38.59	15.00	24.70	22.02	34.48	61.40	52.00	38.21	12.04	41.59	47.85	58.67	17.46	2.00	26.63	50.29	56.89	57.14	45.22	34.53	32.65	8.49	16.16	38.18	26.31	36.72	9.49	21.10	27.02	37.74	20.25	27.46	69.12	59.51	53.60	62.97	43.42	40.61	32.14	40.26	41.11	21.26	9.43	
25.50	11.05	43.29	21.21	42.72	39.05	33.54	22.36	34.48	15.00	10.00	20.62	26.93	36.40	55.90	55.90	50.00	46.10	28.28	25.00	7.07	40.31	50.25	57.01	35.36	47.17	30.41	20.62	23.02	30.00	0.00	12.04	10.30	15.26	25.50	23.54	38.00	44.72	65.19	52.00	35.00	53.04	50.60	59.48	54.38	40.50	39.85	32.25	28.16	34.93	14.76	9.22	21.40	29.15	35.36	43.57	49.73	48.66	34.23	40.71	34.71	45.61	16.12	15.81	30.23	27.80	15.81	61.27	26.40	13.34	5.00	18.79	44.55	43.19	47.38	49.82	20.12	21.40	22.47	20.81	28.02	16.16	28.18	34.71	41.01	44.94	55.32	43.68	16.12	28.65	11.40	48.02	42.05	42.19	35.85	39.00	37.59	41.79	44.29	39.45	47.41	8.54	14.21	12.65	39.45	30.00	23.02	23.19	9.22	29.55	40.52	19.10	29.41	49.50	33.29	44.18	22.47	39.22	35.47	54.20	17.12	28.43	3.61	24.19	32.98	39.66	15.26	15.62	7.62	21.63	37.59	9.49	14.14	50.36	34.21	22.20	24.70	38.83	25.50	48.85	64.35	52.43	53.49	35.23	46.10	50.01	22.47	31.76	15.81	32.98	28.02	
17.46	10.44	35.23	25.00	40.00	27.20	22.80	11.18	22.85	25.30	8.06	17.03	25.50	27.02	44.94	47.01	38.28	34.06	16.28	17.89	19.10	34.93	44.27	52.77	38.01	46.69	26.08	12.65	18.03	34.48	12.04	0.00	17.46	22.00	34.13	34.54	30.08	33.84	53.71	49.41	28.46	46.32	40.61	49.65	42.94	28.65	29.27	23.35	18.00	29.68	16.76	18.97	9.85	21.84	34.71	43.19	45.65	40.01	26.48	29.73	22.80	33.84	9.22	17.46	29.68	39.82	27.66	59.20	28.18	7.81	7.21	30.53	39.40	37.34	41.79	44.78	20.59	23.77	30.00	26.31	29.15	24.08	16.76	22.67	29.00	33.54	43.42	34.13	5.00	17.72	15.00	36.67	31.32	30.87	25.50	28.64	26.57	31.58	33.24	28.23	36.40	6.00	18.25	24.19	28.23	23.77	11.18	17.80	10.00	28.32	36.89	15.56	20.00	37.48	21.47	36.35	23.71	29.27	23.60	42.95	26.68	32.57	12.08	15.81	23.00	27.78	16.49	4.12	19.21	27.29	36.80	18.03	9.22	44.60	35.51	32.89	36.24	30.02	22.02	46.40	52.84	40.82	43.17	28.64	37.01	42.76	13.04	20.88	6.71	29.41	29.15	
34.00	20.88	52.00	31.24	52.92	43.83	40.26	24.21	36.07	21.93	10.30	15.52	37.16	44.28	62.30	64.20	55.01	49.20	32.65	21.93	10.77	50.01	59.84	67.05	45.34	57.45	40.26	29.00	32.56	39.62	10.30	17.46	0.00	24.76	33.11	28.28	34.21	51.24	70.68	62.24	44.28	62.39	58.05	67.08	60.01	42.45	39.12	29.97	27.80	29.02	25.06	17.80	27.20	38.05	45.65	53.85	59.77	57.08	43.01	47.13	39.36	50.54	15.56	8.00	21.54	28.16	14.56	71.55	36.62	22.09	13.15	22.02	54.34	52.77	57.07	59.67	30.41	31.62	31.06	30.41	38.28	25.00	29.73	38.28	44.94	50.70	59.68	51.48	19.24	35.17	4.47	53.85	48.76	48.10	42.95	46.10	43.97	49.03	50.60	45.54	53.76	17.12	24.41	17.72	45.54	39.32	26.08	18.97	8.06	39.81	50.60	28.86	37.22	53.25	35.47	53.01	32.76	46.69	40.25	60.17	24.60	38.18	13.89	22.47	31.91	41.77	8.06	21.59	8.25	31.14	47.89	2.00	23.19	60.02	44.41	27.66	28.00	47.10	35.44	59.09	69.78	57.70	60.64	30.41	54.23	59.14	30.15	38.33	17.20	43.01	38.28	
24.76	12.37	39.36	7.28	32.06	43.91	35.61	33.06	43.93	8.25	24.35	35.47	17.26	35.47	56.64	52.33	53.60	52.80	35.11	38.83	15.26	32.98	42.76	47.04	20.81	34.18	23.41	21.63	19.21	14.87	15.26	22.00	24.76	0.00	12.37	16.40	51.62	45.97	67.18	40.61	29.97	46.32	49.41	57.45	56.64	49.04	51.16	45.18	40.00	49.65	7.81	7.21	27.51	26.40	23.35	30.68	40.00	45.18	31.06	42.52	40.25	49.65	29.61	31.06	45.49	26.57	21.38	49.04	13.34	16.76	16.49	16.49	36.50	36.14	39.62	41.19	10.77	9.00	8.00	5.66	15.30	2.83	38.33	41.79	46.96	47.63	59.64	42.20	27.00	31.91	26.63	50.33	43.14	44.82	36.80	39.60	39.82	41.77	46.01	42.01	48.80	16.00	5.00	12.04	42.01	25.55	32.39	37.64	24.17	19.03	31.06	15.56	29.73	55.07	42.20	39.81	11.05	38.95	40.71	55.87	7.21	13.45	12.08	37.34	45.00	48.08	30.53	23.35	18.03	6.40	25.50	23.35	16.16	42.58	20.62	14.21	19.72	36.62	18.79	37.48	66.48	55.44	52.80	49.48	43.57	44.27	24.70	34.41	28.16	24.52	15.30	
36.06	24.74	48.41	14.14	36.40	55.90	47.17	45.28	56.29	11.18	35.36	46.10	25.00	46.10	67.27	61.03	65.19	65.00	47.43	50.25	22.36	40.31	49.24	50.99	20.00	35.00	32.02	33.54	30.00	13.04	25.50	34.13	33.11	12.37	0.00	10.20	63.20	57.01	78.10	43.29	39.05	53.23	59.41	66.84	67.80	61.40	63.39	57.01	52.09	60.42	19.70	16.28	39.85	36.88	27.20	32.06	44.64	54.20	41.01	53.82	52.39	61.40	41.11	40.50	54.63	22.20	24.08	50.04	18.36	29.12	28.02	15.26	42.95	43.42	46.10	46.82	20.62	16.97	5.00	10.63	20.12	10.05	50.64	54.08	59.09	59.08	71.34	52.33	39.12	43.83	36.06	61.61	54.20	56.30	48.01	50.61	51.31	52.50	57.20	53.54	59.82	28.16	17.09	15.81	53.54	35.36	44.72	48.66	34.71	25.55	36.77	26.93	41.05	67.08	54.57	48.60	19.10	49.68	52.80	66.84	8.54	13.34	23.09	49.04	57.08	60.44	40.16	35.69	25.06	9.90	28.86	31.30	28.46	48.85	22.36	8.54	14.14	46.67	28.28	40.45	77.47	66.85	62.94	60.67	53.15	51.97	36.67	46.14	40.00	31.91	20.12	
41.04	27.20	55.57	21.54	45.71	59.41	51.66	45.54	57.38	9.43	33.38	43.00	32.70	51.86	73.00	68.48	69.53	67.74	49.74	48.26	18.00	48.47	57.87	60.53	30.07	45.04	39.36	37.54	35.61	23.02	23.54	34.54	28.28	16.40	10.20	0.00	61.20	62.24	83.45	53.08	46.14	61.68	65.80	73.78	72.84	63.07	63.32	55.73	51.66	57.08	24.08	15.65	42.19	42.80	36.50	42.00	53.94	61.40	47.43	58.69	55.47	65.44	39.62	36.22	49.48	12.04	16.12	60.13	26.93	31.62	27.51	6.71	51.55	51.62	54.71	55.79	26.93	24.17	13.15	18.03	28.86	13.60	51.26	56.44	62.13	63.70	75.43	58.60	39.22	47.63	32.06	66.48	59.41	60.88	53.04	55.90	55.90	58.14	62.23	58.05	65.07	29.07	21.26	11.05	58.05	41.88	45.69	46.04	32.14	33.84	45.61	31.89	45.97	70.46	55.95	55.95	26.40	55.32	56.04	72.14	9.22	23.02	22.47	47.68	56.52	62.17	36.12	37.12	20.10	17.72	38.33	26.31	31.40	57.57	32.06	2.24	4.00	53.01	34.99	50.16	82.73	71.51	69.20	58.01	59.91	60.01	40.46	50.33	39.29	39.92	28.86	
41.40	40.52	54.20	55.08	66.40	32.70	37.80	20.59	18.79	53.00	28.00	18.68	54.12	44.82	51.66	61.72	40.79	30.15	26.91	13.00	43.29	58.73	65.95	76.38	67.78	74.63	52.43	38.59	45.28	64.56	38.00	30.08	34.21	51.62	63.20	61.20	0.00	43.86	55.08	75.29	51.66	66.40	52.80	60.75	46.87	22.36	12.00	7.21	13.60	8.94	46.84	47.04	30.23	45.45	63.13	71.34	70.04	56.60	48.08	40.71	30.02	37.36	22.09	26.57	21.40	62.36	48.76	85.15	57.94	37.34	35.23	55.58	62.94	60.11	64.38	67.90	50.33	53.76	59.54	56.29	58.69	53.34	18.38	25.94	30.36	40.50	42.05	49.40	25.30	34.66	29.83	43.01	42.94	39.40	40.80	42.72	38.59	45.28	42.54	38.47	44.94	35.90	48.27	50.16	38.47	48.41	23.02	15.30	29.07	56.82	62.63	44.28	40.31	35.13	20.59	55.61	53.49	44.65	30.89	48.27	55.04	62.64	40.11	14.32	10.00	22.56	26.25	30.46	41.59	57.27	65.00	36.14	38.63	66.60	64.88	60.07	61.66	48.41	49.74	72.62	54.08	43.74	53.49	5.00	53.00	62.20	36.62	36.24	23.54	56.04	58.69	
21.21	35.81	15.30	43.01	35.00	11.18	11.18	30.00	25.08	53.15	41.23	45.00	33.54	11.18	11.18	18.03	10.00	18.03	20.00	40.31	51.48	25.00	26.93	38.08	47.43	45.00	26.93	25.00	27.02	49.19	44.72	33.84	51.24	45.97	57.01	62.24	43.86	0.00	21.21	40.79	20.62	25.55	8.94	17.26	10.82	22.80	33.29	37.95	32.76	50.00	38.18	47.80	24.04	20.25	38.08	43.10	33.96	14.42	17.09	4.12	14.32	8.94	38.21	49.50	57.22	70.80	60.42	49.34	40.71	31.91	39.81	60.61	27.29	24.19	26.93	30.36	36.40	40.22	52.01	46.40	39.81	48.80	27.46	18.03	14.21	4.47	16.12	8.25	32.56	16.16	48.27	5.10	2.83	4.47	9.22	6.40	7.28	5.10	1.41	6.00	2.83	36.24	41.01	54.41	6.00	22.36	27.02	43.10	43.42	34.54	31.02	30.41	16.28	15.81	23.41	16.49	38.28	7.62	13.34	9.90	53.04	47.41	43.05	37.22	34.18	22.20	48.51	29.73	52.33	47.20	38.64	51.87	31.62	27.86	43.01	60.11	65.19	12.17	29.15	39.32	20.52	10.44	10.05	46.49	11.18	21.47	22.47	13.00	35.36	29.12	39.81	
42.43	56.85	32.31	64.03	52.20	26.93	32.02	47.43	38.33	74.33	60.42	61.85	54.08	32.02	11.18	25.00	15.81	25.00	38.08	55.90	72.11	42.72	40.31	50.00	67.08	61.85	47.17	46.10	48.17	69.64	65.19	53.71	70.68	67.18	78.10	83.45	55.08	21.21	0.00	55.44	40.31	37.05	20.25	18.11	10.82	33.02	43.10	51.09	47.68	63.01	59.40	68.88	43.91	41.23	57.27	60.73	48.51	27.89	37.44	24.84	31.38	20.25	56.30	67.68	72.69	91.83	80.99	62.00	61.29	52.80	60.21	81.69	43.42	40.80	41.77	44.41	57.49	61.22	73.11	67.48	60.21	70.01	43.17	33.24	26.68	20.25	13.04	26.42	51.48	36.62	67.23	17.20	24.04	23.02	30.41	27.59	27.80	25.61	21.26	25.81	18.38	56.86	62.23	75.43	25.81	43.01	44.94	59.23	62.65	54.71	48.70	51.62	37.48	20.00	37.66	32.89	59.20	28.43	30.46	11.31	74.25	67.96	63.82	53.15	47.10	33.06	66.73	49.74	72.72	68.25	57.38	71.55	52.63	41.30	62.61	81.32	86.37	31.91	50.00	54.92	1.00	13.00	16.76	59.00	26.93	34.37	43.42	33.60	53.85	48.76	60.21	
33.97	41.59	25.50	33.38	9.43	48.47	39.36	55.17	58.83	48.26	56.60	66.40	25.08	32.70	45.04	30.81	50.64	57.87	48.83	65.80	55.08	17.00	15.13	8.60	23.54	9.43	23.43	37.54	31.40	30.27	52.00	49.41	62.24	40.61	43.29	53.08	75.29	40.79	55.44	0.00	23.85	18.68	36.00	38.08	49.04	59.93	68.26	68.12	61.72	77.79	37.34	47.30	45.28	29.83	17.26	11.40	7.00	28.00	27.78	40.80	48.30	49.48	58.41	65.86	79.06	65.03	61.98	9.90	27.29	41.88	49.65	56.08	13.60	16.76	14.04	11.05	31.95	31.78	40.01	36.12	25.32	42.30	57.01	52.35	52.55	45.12	56.32	32.56	52.50	41.05	62.18	45.54	39.29	43.68	37.16	37.00	40.85	36.14	41.98	42.38	42.43	46.14	38.60	52.61	42.38	26.91	52.40	66.71	57.80	22.47	12.73	34.13	35.23	56.52	56.60	24.33	30.08	34.79	47.85	47.01	46.10	30.07	48.47	62.94	65.60	59.03	65.00	46.86	57.57	36.06	15.13	61.47	40.50	14.14	21.02	51.04	57.08	29.73	27.46	3.16	55.33	50.25	39.05	75.69	30.15	21.10	38.90	40.31	55.44	20.00	25.32	
11.18	24.02	9.43	25.00	15.81	25.50	15.81	32.02	34.99	38.08	36.40	44.72	14.14	10.00	29.15	22.36	30.41	35.36	25.00	43.01	40.31	7.07	15.81	25.00	26.93	25.50	7.07	15.81	12.04	29.41	35.00	28.46	44.28	29.97	39.05	46.14	51.66	20.62	40.31	23.85	0.00	18.11	20.62	27.80	31.02	36.40	44.42	44.55	38.18	54.82	23.09	34.21	22.20	6.71	17.46	23.09	18.38	15.26	4.12	19.03	24.70	28.02	36.67	45.88	57.70	56.46	48.84	33.60	21.26	22.20	31.14	46.24	11.40	8.94	13.42	16.64	19.24	22.20	34.21	28.60	20.00	32.65	33.30	28.64	29.61	24.19	36.67	13.89	30.41	17.20	42.95	25.71	18.25	22.02	14.14	15.03	18.11	15.52	21.38	20.02	23.09	27.17	25.63	40.80	20.02	5.00	29.07	44.42	38.08	14.42	11.70	16.12	11.40	35.00	32.76	9.85	20.00	13.15	24.35	29.55	37.12	27.80	32.06	40.00	41.87	35.47	44.92	25.08	42.11	29.21	18.11	44.10	21.10	16.16	22.47	43.91	49.65	8.54	11.18	21.47	39.82	31.05	24.21	52.40	14.14	15.03	16.12	16.55	33.54	8.54	20.00	
