 20 
  0        0.00        0.00     0.00
  1       19.00       28.50    11.16
  2       29.00       43.50    18.78
  3       23.00       18.40     6.03
  4       21.00       31.50    12.69
  5       10.00        8.00     0.75
  6       15.00       18.00     5.83
  7        3.00        4.50     0.01
  8       41.00       61.50    27.92
  9        9.00        7.20     0.35
 10       28.00       22.40     8.07
 11        8.00        6.40     0.34
 12        8.00        6.40     0.34
 13       16.00       12.80     3.19
 14       10.00       12.00     2.78
 15       28.00       33.60    13.75
 16        7.00        5.60     0.20
 17       15.00       22.50     8.12
 18       14.00       11.20     2.38
 19        6.00        7.20     0.35
 20       19.00       15.20     4.41

    0.00   12.04    8.06   29.15   18.11   24.74   22.02   17.26   14.76   31.91   32.45   32.06   20.81   22.02   25.06   23.09   28.16    8.00   29.97   29.12   30.87
   12.04    0.00   14.21   40.31   30.02   25.71   10.00   23.43   26.25   40.31   22.67   20.02   16.00   30.53   35.74   35.13   30.89   13.89   26.02   17.46   21.26
    8.06   14.21    0.00   26.93   21.47   16.76   22.85    9.85   14.04   26.17   36.77   32.57   27.31   29.15   30.48   24.74   36.22   16.03   37.00   31.38   27.46
   29.15   40.31   26.93    0.00   18.38   32.28   49.65   22.09   14.42   14.42   61.59   59.48   48.92   33.84   27.17   13.15   48.30   33.97   56.64   57.78   53.04
   18.11   30.02   21.47   18.38    0.00   35.38   40.01   24.21   10.30   29.02   47.76   50.00   33.54   15.52   10.77    6.40   30.02   18.97   39.82   46.39   48.38
   24.74   25.71   16.76   32.28   35.38    0.00   29.68   11.40   25.50   23.19   46.96   36.77   41.44   45.62   45.61   36.40   52.77   32.56   51.48   38.83   24.60
   22.02   10.00   22.85   49.65   40.01   29.68    0.00   30.81   35.90   48.01   17.72   10.05   18.87   39.40   45.35   45.10   36.80   23.09   27.51    9.22   15.23
   17.26   23.43    9.85   22.09   24.21   11.40   30.81    0.00   14.14   17.20   46.10   39.82   37.16   35.74   34.67   25.00   45.00   25.18   46.82   39.82   31.26
   14.76   26.25   14.04   14.42   10.30   25.50   35.90   14.14    0.00   20.40   47.17   45.89   34.66   24.02   21.02   11.18   36.40   19.85   42.80   43.66   41.44
   31.91   40.31   26.17   14.42   29.02   23.19   48.01   17.20   20.40    0.00   62.94   56.94   52.70   44.10   39.32   25.71   56.75   38.91   61.77   57.01   47.13
   32.45   22.67   36.77   61.59   47.76   46.96   17.72   46.10   47.17   62.94    0.00   16.76   15.03   41.01   49.37   53.85   31.62   28.79   16.64   10.05   31.02
   32.06   20.02   32.57   59.48   50.00   36.77   10.05   39.82   45.89   56.94   16.76    0.00   25.00   48.38   54.92   55.15   43.60   32.56   31.40    7.21   15.52
   20.81   16.00   27.31   48.92   33.54   41.44   18.87   37.16   34.66   52.70   15.03   25.00    0.00   26.00   34.37   39.82   18.60   15.00   10.05   18.36   34.00
   22.02   30.53   29.15   33.84   15.52   45.62   39.40   35.74   24.02   44.10   41.01   48.38   26.00    0.00    9.43   21.02   15.56   16.64   28.79   42.95   51.61
   25.06   35.74   30.48   27.17   10.77   45.61   45.35   34.67   21.02   39.32   49.37   54.92   34.37    9.43    0.00   14.04   24.84   22.36   38.08   50.16   55.90
   23.09   35.13   24.74   13.15    6.40   36.40   45.10   25.00   11.18   25.71   53.85   55.15   39.82   21.02   14.04    0.00   36.06   25.08   46.23   51.97   52.17
   28.16   30.89   36.22   48.30   30.02   52.77   36.80   45.00   36.40   56.75   31.62   43.60   18.60   15.56   24.84   36.06    0.00   20.22   16.03   36.89   51.40
    8.00   13.89   16.03   33.97   18.97   32.56   23.09   25.18   19.85   38.91   28.79   32.56   15.00   16.64   22.36   25.08   20.22    0.00   23.02   28.00   35.00
   29.97   26.02   37.00   56.64   39.82   51.48   27.51   46.82   42.80   61.77   16.64   31.40   10.05   28.79   38.08   46.23   16.03   23.02    0.00   24.21   42.72
   29.12   17.46   31.38   57.78   46.39   38.83    9.22   39.82   43.66   57.01   10.05    7.21   18.36   42.95   50.16   51.97   36.89   28.00   24.21    0.00   21.00
   30.87   21.26   27.46   53.04   48.38   24.60   15.23   31.26   41.44   47.13   31.02   15.52   34.00   51.61   55.90   52.17   51.40   35.00   42.72   21.00    0.00
