 21 
  0        0.00        0.00     0.00
  1     1100.00      880.00    32.69
  2      700.00      560.00    28.99
  3      800.00      640.00    29.92
  4     1400.00     1120.00    35.47
  5     2100.00     1680.00    41.94
  6      400.00      320.00    26.22
  7      800.00      960.00    33.62
  8      100.00       80.00    23.44
  9      500.00      600.00    29.45
 10      600.00      900.00    32.92
 11     1200.00     1440.00    39.17
 12     1300.00     1950.00    45.06
 13     1300.00     1950.00    45.06
 14      300.00      450.00    27.72
 15      900.00     1350.00    38.12
 16     2100.00     3150.00    58.93
 17     1000.00     1500.00    39.86
 18      900.00      720.00    30.84
 19     2500.00     3000.00    57.20
 20     1800.00     1440.00    39.17
 21      700.00      560.00    28.99

    0.00   49.37   48.08   41.79   40.72   36.72   31.02   31.38   24.19   27.66   17.26   23.35   11.18   16.03    7.07   20.25    9.85   22.09   29.07   30.53   31.62   33.54
   49.37    0.00    8.54   23.26   25.94   20.81   18.68   24.17   26.57   30.46   32.14   40.22   47.27   54.63   56.22   57.49   58.86   71.11   72.18   78.16   79.10   82.87
   48.08    8.54    0.00   29.83   32.28   14.56   19.85   19.10   27.80   25.32   31.02   43.14   44.10   55.76   54.57   53.24   57.87   69.05   68.18   78.00   76.11   81.49
   41.79   23.26   29.83    0.00    2.83   33.73   17.89   33.24   19.21   37.59   28.43   23.09   45.22   40.01   48.70   57.20   49.24   63.32   69.84   65.01   73.39   72.56
   40.72   25.94   32.28    2.83    0.00   35.36   18.97   34.48   19.10   38.48   28.28   21.00   44.82   38.01   47.54   56.85   47.80   61.98   69.12   63.01   72.24   70.86
   36.72   20.81   14.56   33.73   35.36    0.00   17.03    5.39   22.47   11.00   21.21   38.48   30.81   47.38   42.54   39.01   46.53   56.32   54.01   67.23   62.51   69.29
   31.02   18.68   19.85   17.89   18.97   17.03    0.00   15.52    8.06   19.72   14.14   23.43   30.68   36.24   38.00   42.05   40.31   53.01   55.97   59.48   61.66   64.38
   31.38   24.17   19.10   33.24   34.48    5.39   15.52    0.00   19.24    6.32   16.40   34.79   25.50   42.52   37.16   34.13   41.18   50.96   49.09   61.91   57.31   63.91
   24.19   26.57   27.80   19.21   19.10   22.47    8.06   19.24    0.00   21.21    9.22   16.12   26.08   28.18   31.26   38.01   33.02   46.27   50.99   51.66   55.54   57.08
   27.66   30.46   25.32   37.59   38.48   11.00   19.72    6.32   21.21    0.00   15.52   35.36   20.25   40.50   32.76   28.02   37.20   45.88   43.01   58.01   51.62   59.09
   17.26   32.14   31.02   28.43   28.28   21.21   14.14   16.40    9.22   15.52    0.00   20.02   17.00   26.17   24.08   28.84   26.93   39.01   42.15   47.01   47.52   50.80
   23.35   40.22   43.14   23.09   21.00   38.48   23.43   34.79   16.12   35.36   20.02    0.00   31.30   17.03   29.21   42.72   28.18   42.49   52.35   42.01   53.34   50.22
   11.18   47.27   44.10   45.22   44.82   30.81   30.68   25.50   26.08   20.25   17.00   31.30    0.00   27.17   13.45   12.04   18.60   25.63   25.30   38.90   32.02   38.91
   16.03   54.63   55.76   40.01   38.01   47.38   36.24   42.52   28.18   40.50   26.17   17.03   27.17    0.00   18.03   35.51   14.42   27.66   40.82   25.00   38.95   33.53
    7.07   56.22   54.57   48.70   47.54   42.54   38.00   37.16   31.26   32.76   24.08   29.21   13.45   18.03    0.00   18.00    5.39   15.03   23.43   25.50   24.70   26.93
   20.25   57.49   53.24   57.20   56.85   39.01   42.05   34.13   38.01   28.02   28.84   42.72   12.04   35.51   18.00    0.00   23.09   22.67   15.00   39.82   24.70   36.07
    9.85   58.86   57.87   49.24   47.80   46.53   40.31   41.18   33.02   37.20   26.93   28.18   18.60   14.42    5.39   23.09    0.00   14.32   26.42   20.81   25.24   24.08
   22.09   71.11   69.05   63.32   61.98   56.32   53.01   50.96   46.27   45.88   39.01   42.49   25.63   27.66   15.03   22.67   14.32    0.00   17.00   18.44   11.31   13.60
   29.07   72.18   68.18   69.84   69.12   54.01   55.97   49.09   50.99   43.01   42.15   52.35   25.30   40.82   23.43   15.00   26.42   17.00    0.00   35.23   12.04   27.31
   30.53   78.16   78.00   65.01   63.01   67.23   59.48   61.91   51.66   58.01   47.01   42.01   38.90   25.00   25.50   39.82   20.81   18.44   35.23    0.00   26.31   12.21
   31.62   79.10   76.11   73.39   72.24   62.51   61.66   57.31   55.54   51.62   47.52   53.34   32.02   38.95   24.70   24.70   25.24   11.31   12.04   26.31    0.00   16.28
   33.54   82.87   81.49   72.56   70.86   69.29   64.38   63.91   57.08   59.09   50.80   50.22   38.91   33.53   26.93   36.07   24.08   13.60   27.31   12.21   16.28    0.00
