 29 
  0    0.00    0.00     0.00
  1  300.00  240.00    22.54
  2 3100.00 2480.00    72.44
  3  125.00  100.00    19.42
  4  100.00   80.00    18.98
  5  200.00  160.00    20.76
  6  150.00  180.00    21.21
  7  150.00  120.00    19.87
  8  450.00  360.00    25.22
  9  300.00  240.00    22.54
 10  100.00  150.00    20.54
 11  950.00 1425.00    48.94
 12  125.00  150.00    20.54
 13  150.00  180.00    21.21
 14  150.00  180.00    21.21
 15  550.00  825.00    35.57
 16  150.00  180.00    21.21
 17  100.00  120.00    19.87
 18  150.00  225.00    22.21
 19  400.00  600.00    30.56
 20  300.00  450.00    27.22
 21 1500.00 2250.00    67.32
 22  100.00  150.00    20.54
 23  300.00  450.00    27.22
 24  500.00  400.00    26.11
 25  800.00  640.00    31.45
 26  300.00  240.00    22.54
 27  100.00   80.00    18.98
 28  150.00  120.00    19.87
 29 1000.00  800.00    35.02

    0.00   62.61   56.14   42.15   54.71   64.03   55.57   58.00   39.40   45.22   33.38   36.67   37.85   46.01   40.71   37.01   43.10   48.76    9.49   15.81   18.97   23.19   26.17   11.18   63.51   64.03   46.87   68.77   60.17   58.90
   62.61    0.00   24.00   20.81   11.70   13.42    8.00  117.39  101.98  107.54   94.92   98.43   99.72  105.51  103.31   96.84  102.11  110.86   72.01   47.01   43.91   77.99   39.05   73.79    7.62   13.42   31.95   26.40   44.05   14.87
   56.14   24.00    0.00   20.81   13.60   13.42   25.30  114.07   94.15  100.62   89.45   92.66   93.77  102.04   94.83   93.05   99.01  104.39   65.38   43.29   38.05   64.88   30.02   66.61   31.14   36.50   46.10   49.24   62.13   35.74
   42.15   20.81   20.81    0.00   13.04   23.00   15.00   98.31   81.54   87.32   75.00   78.45   79.70   86.31   82.76   77.47   83.02   90.76   51.62   26.93   23.26   57.31   18.38   53.31   23.60   26.40   26.42   36.50   43.46   22.80
   54.71   11.70   13.60   13.04    0.00   10.05   11.70  111.31   93.98   99.93   87.80   91.21   92.44   99.30   95.08   90.43   96.03  103.45   64.20   39.81   35.74   68.01   29.53   65.79   18.03   23.09   34.06   35.69   49.20   22.14
   64.03   13.42   13.42   23.00   10.05    0.00   18.44  121.06  103.09  109.20   97.29  100.66  101.87  109.04  104.06  100.13  105.80  112.79   73.50   49.50   45.12   75.80   38.28   75.00   21.02   26.83   42.72   39.81   56.57   27.80
   55.57    8.00   25.30   15.00   11.70   18.44    0.00  109.64   94.83  100.22   87.46   91.00   92.31   97.80   96.25   89.19   94.37  103.47   64.88   39.82   37.20   72.12   33.30   66.73    8.60   12.17   24.60   24.19   38.21   10.44
   58.00  117.39  114.07   98.31  111.31  121.06  109.64    0.00   27.20   20.52   25.50   23.09   22.47   12.04   29.07   21.02   15.30   17.03   49.09   71.57   76.24   59.62   84.05   48.26  116.39  115.17   92.61  115.38   97.65  109.79
   39.40  101.98   94.15   81.54   93.98  103.09   94.83   27.20    0.00    7.28   11.40    9.00    8.06   19.72    3.00   17.03   20.25   11.40   29.97   55.01   58.31   33.73   64.85   28.23  102.58  102.63   82.88  105.76   92.46   97.35
   45.22  107.54  100.62   87.32   99.93  109.20  100.22   20.52    7.28    0.00   13.45    9.90    8.49   15.30    8.60   16.16   17.00    4.12   35.74   60.54   64.20   41.00   71.06   34.21  107.78  107.54   87.01  110.00   95.52  102.22
   33.38   94.92   89.45   75.00   87.80   97.29   87.46   25.50   11.40   13.45    0.00    3.61    5.00   14.32   14.32    7.21   12.81   16.12   24.08   48.08   52.17   34.99   59.54   23.00   94.85   94.41   73.60   96.61   82.13   89.07
   36.67   98.43   92.66   78.45   91.21  100.66   91.00   23.09    9.00    9.90    3.61    0.00    1.41   12.81   12.00    8.06   12.21   12.53   27.29   51.55   55.54   36.67   62.80   26.08   98.41   98.01   77.20  100.21   85.63   92.66
   37.85   99.72   93.77   79.70   92.44  101.87   92.31   22.47    8.06    8.49    5.00    1.41    0.00   12.73   11.05    9.00   12.53   11.18   28.44   52.81   56.75   37.16   63.95   27.17   99.74   99.36   78.60  101.61   87.05   94.02
   46.01  105.51  102.04   86.31   99.30  109.04   97.80   12.04   19.72   15.30   14.32   12.81   12.73    0.00   22.36    9.00    3.61   14.04   37.22   59.54   64.20   49.24   72.03   36.50  104.68  103.62   81.41  104.32   87.46   98.23
   40.71  103.31   94.83   82.76   95.08  104.06   96.25   29.07    3.00    8.60   14.32   12.00   11.05   22.36    0.00   20.02   23.09   12.53   31.38   56.44   59.51   33.24   65.79   29.53  104.10  104.29   84.90  107.71   94.81   99.05
   37.01   96.84   93.05   77.47   90.43  100.13   89.19   21.02   17.03   16.16    7.21    8.06    9.00    9.00   20.02    0.00    6.32   17.20   28.28   50.64   55.23   41.62   63.03   27.66   96.21   95.34   73.57   96.57   80.66   89.96
   43.10  102.11   99.01   83.02   96.03  105.80   94.37   15.30   20.25   17.00   12.81   12.21   12.53    3.61   23.09    6.32    0.00   16.49   34.53   56.32   61.07   47.71   69.00   33.96  101.19  100.09   77.83  100.72   83.87   94.70
   48.76  110.86  104.39   90.76  103.45  112.79  103.47   17.03   11.40    4.12   16.12   12.53   11.18   14.04   12.53   17.20   16.49    0.00   39.29   63.91   67.72   45.12   74.73   37.85  110.92  110.54   89.63  112.65   97.58  105.19
    9.49   72.01   65.38   51.62   64.20   73.50   64.88   49.09   29.97   35.74   24.08   27.29   28.44   37.22   31.38   28.28   34.53   39.29    0.00   25.06   28.46   20.88   35.51    2.24   72.72   73.01   54.67   77.08   66.65   67.80
   15.81   47.01   43.29   26.93   39.81   49.50   39.82   71.57   55.01   60.54   48.08   51.55   52.81   59.54   56.44   50.64   56.32   63.91   25.06    0.00    5.83   35.78   14.32   26.93   47.71   48.27   32.70   53.60   47.85   43.19
   18.97   43.91   38.05   23.26   35.74   45.12   37.20   76.24   58.31   64.20   52.17   55.54   56.75   64.20   59.51   55.23   61.07   67.72   28.46    5.83    0.00   35.81    8.54   30.08   45.45   46.69   33.96   53.34   50.16   41.87
   23.19   77.99   64.88   57.31   68.01   75.80   72.12   59.62   33.73   41.00   34.99   36.67   37.16   49.24   33.24   41.62   47.71   45.12   20.88   35.78   35.81    0.00   38.95   19.31   80.62   82.33   68.45   89.04   82.86   77.62
   26.17   39.05   30.02   18.38   29.53   38.28   33.30   84.05   64.85   71.06   59.54   62.80   63.95   72.03   65.79   63.03   69.00   74.73   35.51   14.32    8.54   38.95    0.00   36.88   41.87   44.10   36.00   52.55   53.15   39.82
   11.18   73.79   66.61   53.31   65.79   75.00   66.73   48.26   28.23   34.21   23.00   26.08   27.17   36.50   29.53   27.66   33.96   37.85    2.24   26.93   30.08   19.31   36.88    0.00   74.63   75.00   56.85   79.21   68.88   69.81
   63.51    7.62   31.14   23.60   18.03   21.02    8.60  116.39  102.58  107.78   94.85   98.41   99.74  104.68  104.10   96.21  101.19  110.92   72.72   47.71   45.45   80.62   41.87   74.63    0.00    5.83   27.29   18.79   37.44    8.54
   64.03   13.42   36.50   26.40   23.09   26.83   12.17  115.17  102.63  107.54   94.41   98.01   99.36  103.62  104.29   95.34  100.09  110.54   73.01   48.27   46.69   82.33   44.10   75.00    5.83    0.00   24.02   13.00   32.25    5.39
   46.87   31.95   46.10   26.42   34.06   42.72   24.60   92.61   82.88   87.01   73.60   77.20   78.60   81.41   84.90   73.57   77.83   89.63   54.67   32.70   33.96   68.45   36.00   56.85   27.29   24.02    0.00   23.02   17.46   19.03
   68.77   26.40   49.24   36.50   35.69   39.81   24.19  115.38  105.76  110.00   96.61  100.21  101.61  104.32  107.71   96.57  100.72  112.65   77.08   53.60   53.34   89.04   52.55   79.21   18.79   13.00   23.02    0.00   23.35   14.00
   60.17   44.05   62.13   43.46   49.20   56.57   38.21   97.65   92.46   95.52   82.13   85.63   87.05   87.46   94.81   80.66   83.87   97.58   66.65   47.85   50.16   82.86   53.15   68.88   37.44   32.25   17.46   23.35    0.00   29.21
   58.90   14.87   35.74   22.80   22.14   27.80   10.44  109.79   97.35  102.22   89.07   92.66   94.02   98.23   99.05   89.96   94.70  105.19   67.80   43.19   41.87   77.62   39.82   69.81    8.54    5.39   19.03   14.00   29.21    0.00
