 32 
  0        0.00        0.00     0.00
  1      700.00      840.00     6.29
  2      400.00      600.00     3.72
  3      400.00      600.00     3.72
  4     1200.00     1800.00    16.54
  5       40.00       60.00     0.02
  6       80.00      120.00     0.25
  7     2000.00     3000.00    29.37
  8      900.00     1080.00     8.85
  9      600.00      480.00     2.44
 10      750.00      900.00     6.93
 11     1500.00     2250.00    21.35
 12      150.00      225.00     0.65
 13      250.00      200.00     0.56
 14     1600.00     1280.00    10.99
 15      450.00      540.00     3.08
 16      700.00      560.00     3.29
 17      550.00      440.00     2.01
 18      650.00      780.00     5.64
 19      200.00      160.00     0.40
 20      400.00      320.00     0.73
 21      300.00      240.00     0.71
 22     1300.00     1040.00     8.42
 23      700.00      560.00     3.29
 24      750.00      600.00     3.72
 25     1400.00     1120.00     9.28
 26     4000.00     3200.00    31.50
 27      600.00      480.00     2.44
 28     1000.00      800.00     5.86
 29      500.00      600.00     3.72
 30     2500.00     3750.00    37.38
 31     1700.00     2550.00    24.56
 32     1100.00      880.00     6.71

    0.00   68.26   52.81   34.44   48.33   62.61   64.85   65.30   69.32   69.77   72.92   63.91   56.30   69.05   74.01   77.10  115.25   85.15   90.96   91.68  107.97  101.24  103.37  118.87  113.64   93.05   89.45   96.88   96.32   85.70   57.97   61.03   67.62
   68.26    0.00   21.10   38.08   61.22   25.06   25.08   26.00   25.71   26.68   25.08   17.89   19.85    6.00    7.81    9.22   56.73   17.03   26.25   26.40   42.72   37.01   36.67   51.24   45.40   25.18   25.81   33.84   37.48   36.40   24.19   10.63   21.84
   52.81   21.10    0.00   19.10   40.36   12.53   14.42   15.26   18.44   19.21   21.26   11.18    3.61   18.68   28.84   29.97   77.62   37.00   38.47   39.32   55.32   48.51   51.24   67.12   63.20   45.22   46.87   54.92   58.14   54.64   32.56   21.95   15.62
   34.44   38.08   19.10    0.00   31.02   28.18   30.41   30.89   34.89   35.36   38.48   29.83   22.36   37.12   45.22   47.30   92.28   54.92   57.56   58.42   74.33   67.47   70.35   86.21   82.05   63.15   62.77   70.77   72.56   65.95   39.05   34.48   33.24
   48.33   61.22   40.36   31.02    0.00   39.40   40.85   40.50   43.97   43.68   47.80   45.65   41.40   57.69   69.03   69.63  117.92   75.80   71.17   72.42   85.33   78.45   83.93   99.69   98.35   83.73   87.01   95.00   98.49   94.37   69.12   61.62   45.31
   62.61   25.06   12.53   28.18   39.40    0.00    2.24    2.83    6.71    7.21   10.44    7.21    9.49   20.00   32.45   31.89   80.66   37.01   32.39   33.54   48.01   41.01   45.40   61.40   59.20   44.65   49.58   57.28   62.01   61.33   43.00   30.41    6.08
   64.85   25.08   14.42   30.41   40.85    2.24    0.00    1.00    4.47    5.00    8.25    7.28   11.18   19.72   32.25   31.40   80.06   36.12   30.59   31.78   46.00   39.00   43.57   59.54   57.57   43.60   49.04   56.64   61.61   61.47   44.05   31.14    4.47
   65.30   26.00   15.26   30.89   40.50    2.83    1.00    0.00    4.12    4.47    8.06    8.25   12.08   20.59   33.12   32.20   80.81   36.80   30.81   32.02   46.01   39.01   43.74   59.68   57.87   44.20   49.82   57.38   62.43   62.39   45.04   32.14    5.00
   69.32   25.71   18.44   34.89   43.97    6.71    4.47    4.12    0.00    1.00    4.00    9.22   15.00   19.92   32.31   30.89   79.03   34.71   27.20   28.46   42.05   35.06   40.02   55.90   54.42   41.77   48.26   55.61   61.06   61.98   46.39   33.02    4.00
   69.77   26.68   19.21   35.36   43.68    7.21    5.00    4.47    1.00    0.00    4.12   10.20   15.81   20.88   33.24   31.76   79.81   35.47   27.51   28.79   42.11   35.13   40.26   56.09   54.78   42.45   49.09   56.40   61.91   62.94   47.38   34.01    5.00
   72.92   25.08   21.26   38.48   47.80   10.44    8.25    8.06    4.00    4.12    0.00   10.82   17.69   19.10   31.05   29.15   76.61   32.20   23.41   24.70   38.05   31.06   36.14   51.97   50.70   38.90   46.14   53.25   59.06   60.88   47.07   33.38    5.66
   63.91   17.89   11.18   29.83   45.65    7.21    7.28    8.25    9.22   10.20   10.82    0.00    7.62   12.81   25.24   24.76   73.55   30.23   28.02   29.00   44.55   37.66   41.00   57.01   53.94   38.08   42.45   50.21   54.82   54.23   37.22   24.02    5.39
   56.30   19.85    3.61   22.36   41.40    9.49   11.18   12.08   15.00   15.81   17.69    7.62    0.00   16.55   27.66   28.30   76.58   34.93   35.23   36.12   51.97   45.12   48.09   64.03   60.41   43.08   45.61   53.60   57.28   54.71   34.13   22.47   12.04
   69.05    6.00   18.68   37.12   57.69   20.00   19.72   20.59   19.92   20.88   19.10   12.81   16.55    0.00   12.53   12.04   60.81   18.38   22.83   23.26   39.81   33.62   34.48   49.82   45.00   26.57   29.70   37.54   42.01   42.06   29.55   15.65   16.16
   74.01    7.81   28.84   45.22   69.03   32.45   32.25   33.12   32.31   33.24   31.05   25.24   27.66   12.53    0.00    4.24   48.92   11.70   26.08   25.81   41.04   36.24   34.21   47.42   40.52   19.10   18.03   26.08   29.73   29.83   24.08   13.34   28.64
   77.10    9.22   29.97   47.30   69.63   31.89   31.40   32.20   30.89   31.76   29.15   24.76   28.30   12.04    4.24    0.00   48.80    8.06   21.95   21.63   36.80   32.02   30.00   43.46   36.88   16.03   17.69   25.50   30.23   32.25   28.32   17.09   27.46
  115.25   56.73   77.62   92.28  117.92   80.66   80.06   80.81   79.03   79.81   76.61   73.55   76.58   60.81   48.92   48.80    0.00   44.41   58.69   57.38   60.41   61.61   53.94   52.35   43.05   38.47   31.11   23.43   19.72   30.15   57.28   57.80   75.93
   85.15   17.03   37.00   54.92   75.80   37.01   36.12   36.80   34.71   35.47   32.20   30.23   34.93   18.38   11.70    8.06   44.41    0.00   18.25   17.46   30.61   26.83   23.35   35.78   28.86    8.25   14.56   21.10   27.51   33.24   35.23   25.00   31.83
   90.96   26.25   38.47   57.56   71.17   32.39   30.59   30.81   27.20   27.51   23.41   28.02   35.23   22.83   26.08   21.95   58.69   18.25    0.00    1.41   17.09   10.82   13.04   29.07   27.31   20.62   32.02   36.88   44.41   51.48   49.68   36.80   26.31
   91.68   26.40   39.32   58.42   72.42   33.54   31.78   32.02   28.46   28.79   24.70   29.00   36.12   23.26   25.81   21.63   57.38   17.46    1.41    0.00   16.55   10.63   12.00   28.02   26.00   19.42   31.00   35.69   43.29   50.64   49.58   36.88   27.46
  107.97   42.72   55.32   74.33   85.33   48.01   46.00   46.01   42.05   42.11   38.05   44.55   51.97   39.81   41.04   36.80   60.41   30.61   17.09   16.55    0.00    7.00    7.62   15.26   19.24   28.23   40.85   42.76   50.99   61.47   65.12   53.01   42.05
  101.24   37.01   48.51   67.47   78.45   41.01   39.00   39.01   35.06   35.13   31.06   37.66   45.12   33.62   36.24   32.02   61.61   26.83   10.82   10.63    7.00    0.00    8.06   21.54   23.35   26.31   38.83   42.01   50.09   59.20   60.14   47.51   35.06
  103.37   36.67   51.24   70.35   83.93   45.40   43.57   43.74   40.02   40.26   36.14   41.00   48.09   34.48   34.21   30.00   53.94   23.35   13.04   12.00    7.62    8.06    0.00   16.03   15.62   20.62   33.24   35.36   43.57   53.85   58.26   46.65   39.32
  118.87   51.24   67.12   86.21   99.69   61.40   59.54   59.68   55.90   56.09   51.97   57.01   64.03   49.82   47.42   43.46   52.35   35.78   29.07   28.02   15.26   21.54   16.03    0.00    9.85   30.00   41.04   39.96   47.89   60.80   70.83   60.54   55.33
  113.64   45.40   63.20   82.05   98.35   59.20   57.57   57.87   54.42   54.78   50.70   53.94   60.41   45.00   40.52   36.88   43.05   28.86   27.31   26.00   19.24   23.35   15.62    9.85    0.00   21.93   31.89   30.23   38.08   51.22   63.07   53.85   53.16
   93.05   25.18   45.22   63.15   83.73   44.65   43.60   44.20   41.77   42.45   38.90   38.08   43.08   26.57   19.10   16.03   38.47    8.25   20.62   19.42   28.23   26.31   20.62   30.00   21.93    0.00   12.65   16.28   24.02   33.24   41.15   32.39   39.20
   89.45   25.81   46.87   62.77   87.01   49.58   49.04   49.82   48.26   49.09   46.14   42.45   45.61   29.70   18.03   17.69   31.11   14.56   32.02   31.00   40.85   38.83   33.24   41.04   31.89   12.65    0.00    8.06   13.00   20.62   33.54   28.86   45.00
   96.88   33.84   54.92   70.77   95.00   57.28   56.64   57.38   55.61   56.40   53.25   50.21   53.60   37.54   26.08   25.50   23.43   21.10   36.88   35.69   42.76   42.01   35.36   39.96   30.23   16.28    8.06    0.00    8.25   21.21   40.05   36.69   52.50
   96.32   37.48   58.14   72.56   98.49   62.01   61.61   62.43   61.06   61.91   59.06   54.82   57.28   42.01   29.73   30.23   19.72   27.51   44.41   43.29   50.99   50.09   43.57   47.89   38.08   24.02   13.00    8.25    0.00   14.76   38.47   38.08   57.69
   85.70   36.40   54.64   65.95   94.37   61.33   61.47   62.39   61.98   62.94   60.88   54.23   54.71   42.06   29.83   32.25   30.15   33.24   51.48   50.64   61.47   59.20   53.85   60.80   51.22   33.24   20.62   21.21   14.76    0.00   28.18   32.80   58.19
   57.97   24.19   32.56   39.05   69.12   43.00   44.05   45.04   46.39   47.38   47.07   37.22   34.13   29.55   24.08   28.32   57.28   35.23   49.68   49.58   65.12   60.14   58.26   70.83   63.07   41.15   33.54   40.05   38.47   28.18    0.00   13.93   42.43
   61.03   10.63   21.95   34.48   61.62   30.41   31.14   32.14   33.02   34.01   33.38   24.02   22.47   15.65   13.34   17.09   57.80   25.00   36.80   36.88   53.01   47.51   46.65   60.54   53.85   32.39   28.86   36.69   38.08   32.80   13.93    0.00   29.02
   67.62   21.84   15.62   33.24   45.31    6.08    4.47    5.00    4.00    5.00    5.66    5.39   12.04   16.16   28.64   27.46   75.93   31.83   26.31   27.46   42.05   35.06   39.32   55.33   53.16   39.20   45.00   52.50   57.69   58.19   42.43   29.02    0.00
