100 
  0        0.00        0.00     0.00
  1       10.00       15.00    37.22
  2       30.00       24.00    41.96
  3       10.00       15.00    37.22
  4       10.00       15.00    37.22
  5       10.00       15.00    37.22
  6       20.00       30.00    45.12
  7       20.00       30.00    45.12
  8       20.00       30.00    45.12
  9       10.00       15.00    37.22
 10       10.00       15.00    37.22
 11       10.00       15.00    37.22
 12       20.00       16.00    37.75
 13       30.00       24.00    41.96
 14       10.00        8.00    33.54
 15       40.00       32.00    46.17
 16       40.00       32.00    46.17
 17       20.00       16.00    37.75
 18       20.00       16.00    37.75
 19       10.00        8.00    33.54
 20       10.00       15.00    37.22
 21       20.00       30.00    45.12
 22       20.00       30.00    45.12
 23       10.00       15.00    37.22
 24       10.00       15.00    37.22
 25       40.00       60.00    60.91
 26       10.00       15.00    37.22
 27       10.00       15.00    37.22
 28       20.00       30.00    45.12
 29       10.00       15.00    37.22
 30       10.00       12.00    35.64
 31       20.00       16.00    37.75
 32       30.00       36.00    48.27
 33       40.00       48.00    54.59
 34       20.00       16.00    37.75
 35       10.00        8.00    33.54
 36       10.00        8.00    33.54
 37       20.00       16.00    37.75
 38       30.00       24.00    41.96
 39       20.00       16.00    37.75
 40       10.00        8.00    33.54
 41       10.00       15.00    37.22
 42       20.00       30.00    45.12
 43       10.00       15.00    37.22
 44       10.00        8.00    33.54
 45       10.00        8.00    33.54
 46       30.00       36.00    48.27
 47       10.00       15.00    37.22
 48       10.00        8.00    33.54
 49       10.00       15.00    37.22
 50       10.00       12.00    35.64
 51       10.00       12.00    35.64
 52       10.00       12.00    35.64
 53       20.00       16.00    37.75
 54       40.00       32.00    46.17
 55       10.00       12.00    35.64
 56       30.00       24.00    41.96
 57       40.00       32.00    46.17
 58       30.00       24.00    41.96
 59       10.00        8.00    33.54
 60       20.00       16.00    37.75
 61       10.00       12.00    35.64
 62       20.00       30.00    45.12
 63       50.00       75.00    68.80
 64       10.00       12.00    35.64
 65       10.00       15.00    37.22
 66       10.00       15.00    37.22
 67       10.00       15.00    37.22
 68       10.00       12.00    35.64
 69       10.00       15.00    37.22
 70       30.00       24.00    41.96
 71       20.00       16.00    37.75
 72       10.00       12.00    35.64
 73       10.00        8.00    33.54
 74       50.00       75.00    68.80
 75       20.00       30.00    45.12
 76       10.00        8.00    33.54
 77       10.00        8.00    33.54
 78       20.00       16.00    37.75
 79       10.00        8.00    33.54
 80       10.00        8.00    33.54
 81       30.00       24.00    41.96
 82       20.00       16.00    37.75
 83       10.00       12.00    35.64
 84       20.00       16.00    37.75
 85       30.00       36.00    48.27
 86       10.00       12.00    35.64
 87       20.00       16.00    37.75
 88       30.00       24.00    41.96
 89       10.00        8.00    33.54
 90       10.00        8.00    33.54
 91       10.00        8.00    33.54
 92       20.00       16.00    37.75
 93       40.00       32.00    46.17
 94       10.00        8.00    33.54
 95       30.00       24.00    41.96
 96       10.00        8.00    33.54
 97       30.00       24.00    41.96
 98       20.00       24.00    41.96
 99       10.00       12.00    35.64
100       20.00       16.00    37.75

    0.00   18.68   20.62   16.12   18.11   15.13   19.00   16.00   18.11   20.10   16.76   19.65   38.08   30.81   39.36   36.06   40.31   33.30   35.36   39.05   10.00   10.20   12.17   13.00   15.00   15.13   15.81   17.12   17.72   20.00   20.62   33.54   31.62   33.53   32.39   38.08   35.36   39.29   41.23   40.31   20.62   18.68   19.31   16.55   21.54   22.36   20.59   18.03   23.32   19.21   22.80   25.00   21.21   45.18   40.05   35.06   45.00   35.00   45.04   35.06   45.28   22.36   18.03   14.14   21.54   12.81   16.55   12.21   20.62   15.81   58.52   57.01   23.85   55.71   19.85   15.81   52.20   52.00   50.29   51.08   51.48   47.43   35.36   32.39   31.05   29.73   26.48   25.50   26.93   24.35   20.62   22.36   44.20   43.01   40.61   37.20   36.06   40.31   30.81   33.54   38.08
   18.68    0.00    2.00    3.61    3.00    4.24    5.10    5.39    7.00    7.28   10.20   10.05   26.25   24.04   28.60   27.73   30.23   27.89   30.81   32.31   23.43   21.93   23.35   21.40   26.91   25.61   23.85   27.20   25.55   30.81   28.18   48.10   44.82   46.40   43.57   51.86   46.14   51.31   53.00   50.54   39.29   37.36   37.95   35.11   40.16   40.85   39.00   36.25   41.63   37.12   40.71   42.94   38.59   63.01   58.08   53.08   63.20   53.24   63.39   53.46   63.79   38.33   33.38   28.44   38.12   28.16   33.06   28.07   38.00   33.00   62.80   59.91   38.83   60.44   33.96    3.00   55.80   57.38   54.20   56.64   58.73   51.86   32.70   29.97   26.93   24.35   24.70   23.85   21.54   20.59   19.85   17.00   27.80   26.25   24.41   20.81   19.21   22.67   14.76   15.62   19.72
   20.62    2.00    0.00    5.00    3.61    5.83    5.10    6.40    7.28    7.00   10.77   10.05   25.00   23.54   27.46   26.93   29.15   27.46   30.41   31.62   25.00   23.43   24.76   22.67   28.28   26.91   25.00   28.43   26.63   32.02   29.15   49.50   46.10   47.63   44.65   53.15   47.17   52.43   54.08   51.48   41.23   39.29   39.85   37.00   42.06   42.72   40.85   38.08   43.46   38.91   42.49   44.72   40.31   65.01   60.07   55.08   65.19   55.23   65.38   55.44   65.76   40.31   35.36   30.41   40.11   30.15   35.06   30.07   40.00   35.00   64.03   61.03   40.79   61.72   35.90    5.00   57.01   58.73   55.44   58.00   60.21   53.15   33.54   30.89   27.73   25.08   25.81   25.00   22.36   21.63   21.21   18.03   26.63   25.00   23.32   19.72   18.03   21.21   13.93   14.14   18.03
   16.12    3.61    5.00    0.00    2.00    1.00    3.61    2.00    4.47    5.66    7.00    7.62   25.50   21.93   27.59   26.08   29.07   25.63   28.46   30.41   20.00   18.44   19.80   17.80   23.35   22.02   20.25   23.60   21.95   27.20   24.60   44.55   41.23   42.80   39.96   48.27   42.54   47.71   49.40   46.96   36.67   34.71   35.17   32.28   37.36   37.95   36.06   33.24   38.63   34.01   37.58   39.81   35.36   61.03   56.00   51.00   61.03   51.04   61.13   51.16   61.40   36.88   32.02   27.20   36.50   26.68   31.40   26.48   36.12   31.14   64.07   61.40   37.64   61.61   32.89    3.16   57.14   58.41   55.47   57.63   59.41   53.01   34.79   31.95   29.12   26.68   26.40   25.50   23.77   22.47   21.10   18.97   31.40   29.83   28.02   24.41   22.80   26.17   18.36   19.10   23.02
   18.11    3.00    3.61    2.00    0.00    3.00    2.24    2.83    4.00    4.47    7.28    7.07   24.04   21.19   26.25   25.06   27.80   25.00   27.89   29.55   21.63   20.00   21.26   19.10   24.76   23.35   21.40   24.84   23.02   28.43   25.55   45.97   42.52   44.05   41.05   49.58   43.57   48.83   50.48   47.89   38.64   36.67   37.11   34.21   39.29   39.85   37.95   35.11   40.50   35.85   39.40   41.63   37.12   63.03   58.00   53.00   63.03   53.04   63.13   53.15   63.39   38.83   33.96   29.12   38.47   28.64   33.38   28.44   38.12   33.14   65.22   62.43   39.56   62.80   34.79    4.24   58.25   59.67   56.61   58.90   60.81   54.20   35.47   32.70   29.73   27.20   27.29   26.42   24.35   23.26   22.20   19.70   30.23   28.60   26.93   23.32   21.63   24.76   17.46   17.69   21.40
   15.13    4.24    5.83    1.00    3.00    0.00    4.47    2.24    5.00    6.40    7.07    8.06   26.25   22.36   28.28   26.63   29.73   26.00   28.79   30.89   19.21   17.69   19.10   17.20   22.67   21.40   19.72   23.02   21.47   26.63   24.17   43.86   40.61   42.20   39.45   47.63   42.06   47.17   48.88   46.52   35.69   33.73   34.21   31.32   36.40   37.00   35.11   32.31   37.70   33.11   36.67   38.91   34.48   60.03   55.00   50.00   60.03   50.04   60.13   50.16   60.41   35.90   31.05   26.25   35.51   25.71   30.41   25.50   35.13   30.15   63.51   60.90   36.69   61.03   31.95    3.00   56.60   57.80   54.92   57.01   58.73   52.43   34.48   31.62   28.86   26.48   26.00   25.08   23.54   22.14   20.59   18.68   32.02   30.48   28.60   25.00   23.43   26.91   18.87   19.85   23.85
   19.00    5.10    5.10    3.61    2.24    4.47    0.00    3.00    2.24    2.24    5.83    5.00   21.93   18.97   24.08   22.83   25.61   22.80   25.71   27.31   21.47   19.72   20.81   18.44   24.21   22.67   20.52   24.04   22.02   27.59   24.41   45.34   41.73   43.19   40.00   48.80   42.44   47.80   49.41   46.65   39.32   37.34   37.66   34.71   39.81   40.26   38.33   35.44   40.80   36.06   39.56   41.79   37.16   64.12   59.03   54.04   64.00   54.00   64.03   54.04   64.20   40.26   35.44   30.68   39.81   30.08   34.71   29.83   39.32   34.37   67.42   64.66   41.11   65.00   36.40    6.40   60.46   61.85   58.82   61.07   62.94   56.40   37.70   34.93   31.95   29.41   29.53   28.65   26.57   25.50   24.41   21.93   31.38   29.68   28.18   24.60   22.83   25.61   18.97   18.60   21.93
   16.00    5.39    6.40    2.00    2.83    2.24    3.00    0.00    2.83    4.47    5.00    5.83   24.21   20.12   26.17   24.41   27.59   23.77   26.57   28.65   18.87   17.20   18.44   16.28   21.93   20.52   18.60   22.02   20.25   25.61   22.83   43.14   39.70   41.23   38.28   46.75   40.82   46.04   47.71   45.18   36.35   34.37   34.71   31.78   36.88   37.36   35.44   32.57   37.95   33.24   36.77   39.00   34.44   61.13   56.04   51.04   61.00   51.00   61.03   51.04   61.20   37.36   32.57   27.86   36.88   27.20   31.78   26.93   36.35   31.40   65.73   63.13   38.28   63.25   33.62    5.10   58.83   60.00   57.14   59.20   60.88   54.64   36.69   33.84   31.05   28.64   28.23   27.31   25.71   24.35   22.83   20.88   33.02   31.40   29.68   26.08   24.41   27.59   20.12   20.52   24.21
   18.11    7.00    7.28    4.47    4.00    5.00    2.24    2.83    0.00    2.00    3.61    3.16   21.40   17.46   23.35   21.63   24.76   21.19   24.04   25.94   19.70   17.89   18.87   16.40   22.20   20.62   18.38   21.93   19.85   25.46   22.20   43.28   39.60   41.04   37.80   46.67   40.22   45.61   47.20   44.42   38.12   36.12   36.35   33.38   38.47   38.83   36.88   33.96   39.29   34.48   37.95   40.16   35.47   63.29   58.14   53.15   63.03   53.04   63.00   53.00   63.07   39.85   35.11   30.46   39.29   29.73   34.21   29.41   38.64   33.73   68.51   65.86   40.85   66.03   36.25    7.62   61.59   62.80   59.91   62.01   63.70   57.43   39.22   36.40   33.53   31.05   30.87   29.97   28.16   26.93   25.55   23.41   33.62   31.91   30.41   26.83   25.06   27.80   21.19   20.81   24.04
   20.10    7.28    7.00    5.66    4.47    6.40    2.24    4.47    2.00    0.00    5.00    3.16   19.85   16.76   21.93   20.59   23.43   20.62   23.54   25.08   21.54   19.70   20.59   18.03   23.85   22.20   19.85   23.43   21.21   26.91   23.43   44.82   41.04   42.43   39.05   48.10   41.40   46.86   48.41   45.49   40.11   38.12   38.33   35.36   40.45   40.79   38.83   35.90   41.23   36.40   39.85   42.06   37.34   65.28   60.13   55.15   65.03   55.04   65.00   55.00   65.07   41.76   37.00   32.31   41.23   31.62   36.14   31.32   40.61   35.69   69.63   66.89   42.72   67.20   38.08    8.60   62.68   64.03   61.03   63.25   65.07   58.60   39.92   37.16   34.18   31.62   31.76   30.89   28.79   27.73   26.63   24.17   32.65   30.89   29.55   26.00   24.17   26.63   20.62   19.72   22.67
   16.76   10.20   10.77    7.00    7.28    7.07    5.83    5.00    3.61    5.00    0.00    3.00   21.47   15.81   23.02   20.52   24.21   19.24   21.93   24.41   16.76   14.87   15.65   13.04   18.87   17.20   14.87   18.44   16.28   21.93   18.60   39.82   36.07   37.48   34.21   43.14   36.62   42.01   43.60   40.82   36.00   34.00   34.06   31.06   36.12   36.35   34.37   31.40   36.67   31.78   35.17   37.36   32.57   61.66   56.44   51.48   61.20   51.24   61.07   51.09   61.00   39.00   34.44   30.02   38.28   29.07   33.24   28.64   37.36   32.57   69.97   67.54   40.25   67.42   35.85   10.05   63.13   64.07   61.40   63.25   64.66   58.83   41.48   38.60   35.90   33.54   32.89   31.95   30.59   29.12   27.31   25.71   37.22   35.51   34.00   30.41   28.65   31.40   24.70   24.41   27.59
   19.65   10.05   10.05    7.62    7.07    8.06    5.00    5.83    3.16    3.16    3.00    0.00   18.87   14.32   20.62   18.60   21.93   18.03   20.88   22.83   19.65   17.72   18.38   15.65   21.47   19.72   17.20   20.81   18.44   24.21   20.52   42.20   38.29   39.62   36.12   45.34   38.42   43.93   45.45   42.44   39.00   37.00   37.05   34.06   39.12   39.32   37.34   34.37   39.62   34.71   38.08   40.26   35.44   64.63   59.41   54.45   64.20   54.23   64.07   54.08   64.00   41.79   37.16   32.65   41.11   31.78   36.06   31.38   40.26   35.44   71.56   68.96   42.95   69.07   38.47   10.77   64.66   65.80   62.97   65.00   66.60   60.46   42.38   39.56   36.69   34.21   34.01   33.11   31.32   30.08   28.65   26.57   35.78   34.00   32.70   29.15   27.31   29.68   23.77   22.83   25.61
   38.08   26.25   25.00   25.50   24.04   26.25   21.93   24.21   21.40   19.85   21.47   18.87    0.00   10.44    3.00    7.07    5.00   12.21   14.14   11.18   35.36   33.38   33.14   30.15   35.00   33.00   30.00   33.06   30.07   35.36   30.41   52.20   47.43   48.10   43.46   53.85   44.72   50.54   51.48   47.17   55.90   53.94   53.60   50.64   55.44   55.23   53.24   50.25   55.08   50.09   53.01   55.00   50.00   82.23   76.90   72.03   81.39   71.59   81.05   71.20   80.62   60.42   55.90   51.48   59.62   50.54   54.63   50.09   58.52   53.85   89.02   86.02   61.72   86.68   57.31   28.28   82.01   83.63   80.43   82.88   84.85   78.10   58.31   55.76   52.48   49.74   50.80   50.00   47.17   46.62   46.10   43.01   42.00   40.00   40.11   37.34   35.36   35.00   34.48   30.41   30.00
   30.81   24.04   23.54   21.93   21.19   22.36   18.97   20.12   17.46   16.76   15.81   14.32   10.44    0.00   10.00    5.39   10.20    4.00    7.00    8.60   26.25   24.35   23.77   20.88   25.18   23.19   20.22   23.02   20.02   25.08   20.10   41.76   37.00   37.70   33.11   43.46   34.48   40.31   41.34   37.20   46.84   44.92   44.38   41.48   46.10   45.71   43.74   40.79   45.40   40.45   43.19   45.10   40.11   73.38   68.01   63.25   72.28   62.64   71.81   62.10   71.20   53.00   48.83   44.82   51.97   43.60   47.17   43.01   50.54   46.14   85.76   83.24   54.64   83.22   50.61   25.08   78.89   79.88   77.18   79.06   80.43   74.63   56.65   53.85   50.92   48.38   48.33   47.42   45.54   44.38   42.94   40.85   46.10   44.15   43.57   40.31   38.33   39.29   36.00   33.38   34.48
   39.36   28.60   27.46   27.59   26.25   28.28   24.08   26.17   23.35   21.93   23.02   20.62    3.00   10.00    0.00    5.39    2.00   10.77   12.21    8.60   35.90   33.96   33.54   30.59   35.13   33.14   30.15   33.02   30.02   35.06   30.07   51.42   46.57   47.13   42.38   52.81   43.46   49.24   50.09   45.65   56.52   54.57   54.13   51.20   55.90   55.58   53.60   50.64   55.33   50.36   53.15   55.08   50.09   82.97   77.62   72.80   82.00   72.28   81.58   71.81   81.05   61.72   57.31   53.00   60.84   51.97   55.90   51.48   59.62   55.04   91.40   88.48   63.13   89.02   58.83   30.48   84.40   85.91   82.80   85.15   87.00   80.43   60.90   58.31   55.07   52.35   53.25   52.43   49.74   49.09   48.41   45.49   45.00   43.00   43.10   40.31   38.33   38.00   37.36   33.38   33.00
   36.06   27.73   26.93   26.08   25.06   26.63   22.83   24.41   21.63   20.59   20.52   18.60    7.07    5.39    5.39    0.00    5.00    5.39    7.07    5.00   31.62   29.73   29.12   26.25   30.41   28.44   25.50   28.16   25.18   30.00   25.00   46.10   41.23   41.76   37.00   47.43   38.08   43.86   44.72   40.31   52.20   50.29   49.73   46.84   51.42   50.99   49.03   46.10   50.64   45.71   48.37   50.25   45.28   78.75   73.38   68.62   77.62   68.01   77.13   67.45   76.49   58.31   54.08   50.00   57.31   48.83   52.48   48.26   55.90   51.48   90.14   87.46   59.91   87.66   55.80   29.15   83.22   84.40   81.54   83.60   85.15   79.06   60.42   57.70   54.63   52.00   52.35   51.48   49.24   48.30   47.17   44.72   47.27   45.28   45.04   42.00   40.00   40.31   38.33   35.00   35.36
   40.31   30.23   29.15   29.07   27.80   29.73   25.61   27.59   24.76   23.43   24.21   21.93    5.00   10.20    2.00    5.00    0.00   10.20   11.18    7.07   36.40   34.48   33.96   31.05   35.36   33.38   30.41   33.14   30.15   35.00   30.00   50.99   46.10   46.57   41.76   52.20   42.72   48.47   49.24   44.72   57.01   55.08   54.57   51.66   56.29   55.90   53.94   50.99   55.58   50.64   53.34   55.23   50.25   83.52   78.16   73.38   82.46   72.80   82.00   72.28   81.39   62.65   58.31   54.08   61.72   53.00   56.82   52.48   60.42   55.90   93.01   90.14   64.14   90.60   59.91   32.02   86.02   87.46   84.40   86.68   88.46   82.01   62.65   60.03   56.82   54.12   54.92   54.08   51.48   50.77   50.00   47.17   47.00   45.00   45.10   42.30   40.31   40.00   39.29   35.36   35.00
   33.30   27.89   27.46   25.63   25.00   26.00   22.80   23.77   21.19   20.62   19.24   18.03   12.21    4.00   10.77    5.39   10.20    0.00    3.00    5.83   27.73   25.94   25.08   22.36   25.96   24.04   21.19   23.54   20.62   25.08   20.10   40.79   35.90   36.40   31.62   42.06   32.70   38.48   39.36   34.99   48.10   46.24   45.54   42.72   47.13   46.57   44.64   41.76   46.10   41.23   43.74   45.54   40.61   74.67   69.29   64.62   73.38   63.91   72.80   63.25   72.03   55.22   51.22   47.42   54.08   46.10   49.41   45.45   52.48   48.26   89.19   86.77   57.01   86.61   53.15   28.79   82.37   83.22   80.62   82.38   83.60   78.03   60.41   57.58   54.71   52.20   52.00   51.08   49.34   48.10   46.52   44.60   50.01   48.05   47.52   44.28   42.30   43.17   40.00   37.34   38.33
   35.36   30.81   30.41   28.46   27.89   28.79   25.71   26.57   24.04   23.54   21.93   20.88   14.14    7.00   12.21    7.07   11.18    3.00    0.00    5.00   29.15   27.46   26.42   23.85   26.93   25.08   22.36   24.35   21.54   25.50   20.62   40.31   35.36   35.69   30.81   41.23   31.62   37.34   38.08   33.54   49.24   47.42   46.62   43.86   48.10   47.43   45.54   42.72   46.84   42.06   44.38   46.10   41.23   75.77   70.38   65.80   74.33   65.00   73.68   64.26   72.80   57.01   53.15   49.50   55.80   48.10   51.22   47.42   54.08   50.00   91.79   89.44   58.90   89.19   55.17   31.62   85.00   85.76   83.24   84.91   86.02   80.62   63.25   60.41   57.57   55.08   54.78   53.85   52.20   50.92   49.24   47.43   52.95   50.99   50.49   47.27   45.28   46.10   43.00   40.31   41.23
   39.05   32.31   31.62   30.41   29.55   30.89   27.31   28.65   25.94   25.08   24.41   22.83   11.18    8.60    8.60    5.00    7.07    5.83    5.00    0.00   33.54   31.76   30.87   28.18   31.62   29.73   26.93   29.12   26.25   30.41   25.50   45.28   40.31   40.61   35.69   46.10   36.40   42.06   42.72   38.08   53.85   52.00   51.26   48.47   52.81   52.20   50.29   47.43   51.66   46.84   49.24   50.99   46.10   80.41   75.03   70.38   79.06   69.64   78.45   68.95   77.62   61.03   57.01   53.15   59.91   51.86   55.22   51.22   58.31   54.08   94.34   91.79   62.80   91.81   58.90   33.54   87.46   88.48   85.76   87.66   89.02   83.22   65.00   62.24   59.24   56.65   56.80   55.90   53.85   52.80   51.48   49.24   52.24   50.25   50.04   47.00   45.00   45.28   43.29   40.00   40.31
   10.00   23.43   25.00   20.00   21.63   19.21   21.47   18.87   19.70   21.54   16.76   19.65   35.36   26.25   35.90   31.62   36.40   27.73   29.15   33.54    0.00    2.00    2.83    5.39    5.00    5.39    7.07    7.28    8.60   10.00   11.18   25.00   22.36   24.17   22.56   29.15   25.50   29.73   31.62   30.41   20.62   18.68   18.25   15.30   20.10   20.00   18.00   15.00   20.10   15.13   18.44   20.62   15.81   47.13   41.76   37.00   46.10   36.40   45.71   35.90   45.28   28.28   25.00   22.36   26.91   20.59   22.67   19.72   25.00   21.21   68.01   66.71   30.48   65.15   27.46   21.21   61.85   61.35   59.91   60.41   60.42   57.01   45.28   42.30   40.79   39.29   36.35   35.36   36.40   33.96   30.41   31.62   50.93   49.50   47.42   43.86   42.43   46.10   37.54   39.05   43.01
   10.20   21.93   23.43   18.44   20.00   17.69   19.72   17.20   17.89   19.70   14.87   17.72   33.38   24.35   33.96   29.73   34.48   25.94   27.46   31.76    2.00    0.00    2.00    3.61    5.39    5.00    5.83    7.00    7.62   10.20   10.44   26.25   23.32   25.06   23.09   30.23   25.96   30.46   32.31   30.81   22.56   20.62   20.22   17.26   22.09   22.00   20.00   17.00   22.09   17.12   20.40   22.56   17.72   49.04   43.68   38.90   48.05   38.33   47.68   37.85   47.27   29.73   26.25   23.32   28.43   21.63   24.04   20.81   26.63   22.67   68.62   67.19   31.83   65.79   28.60   19.85   62.36   62.03   60.44   61.10   61.27   57.57   45.10   42.11   40.45   38.83   36.12   35.13   35.90   33.54   30.15   31.05   49.58   48.10   46.10   42.52   41.04   44.60   36.24   37.54   41.40
   12.17   23.35   24.76   19.80   21.26   19.10   20.81   18.44   18.87   20.59   15.65   18.38   33.14   23.77   33.54   29.12   33.96   25.08   26.42   30.87    2.83    2.00    0.00    3.00    3.61    3.00    4.24    5.00    5.83    8.25    8.54   24.76   21.63   23.32   21.19   28.60   24.04   28.64   30.46   28.86   23.09   21.19   20.62   17.72   22.36   22.09   20.10   17.12   22.00   17.00   20.10   22.20   17.26   49.65   44.27   39.56   48.51   38.90   48.05   38.33   47.52   31.11   27.80   25.06   29.73   23.32   25.50   22.47   27.80   24.04   70.52   69.12   33.30   67.68   30.23   21.40   64.29   63.91   62.36   62.97   63.07   59.48   47.10   44.10   42.43   40.79   38.12   37.12   37.85   35.51   32.14   32.98   51.09   49.58   47.63   44.05   42.52   45.97   37.80   38.90   42.64
   13.00   21.40   22.67   17.80   19.10   17.20   18.44   16.28   16.40   18.03   13.04   15.65   30.15   20.88   30.59   26.25   31.05   22.36   23.85   28.18    5.39    3.61    3.00    0.00    5.83    4.24    3.00    5.83    5.00    9.43    8.00   26.91   23.43   25.00   22.36   30.48   25.08   30.02   31.76   29.73   25.96   24.04   23.54   20.62   25.32   25.08   23.09   20.10   25.00   20.00   23.09   25.18   20.22   52.50   47.13   42.38   51.42   41.76   50.99   41.23   50.49   33.30   29.73   26.63   32.02   25.00   27.59   24.21   30.23   26.25   71.51   69.92   35.36   68.71   32.02   19.72   65.15   65.00   63.25   64.08   64.41   60.41   47.00   44.00   42.11   40.31   38.00   37.00   37.34   35.13   32.00   32.39   49.20   47.63   45.80   42.20   40.61   43.86   36.06   36.80   40.36
   15.00   26.91   28.28   23.35   24.76   22.67   24.21   21.93   22.20   23.85   18.87   21.47   35.00   25.18   35.13   30.41   35.36   25.96   26.93   31.62    5.00    5.39    3.61    5.83    0.00    2.00    5.00    2.83    5.39    5.00    7.07   21.21   18.03   19.72   17.72   25.00   20.62   25.08   26.93   25.50   22.36   20.59   19.70   17.00   21.19   20.62   18.68   15.81   20.22   15.30   18.03   20.00   15.00   48.85   43.46   38.91   47.43   38.08   46.84   37.34   46.10   32.02   29.15   26.93   30.48   25.08   26.63   24.17   28.28   25.00   72.80   71.59   34.41   69.92   31.76   25.00   66.71   66.10   64.76   65.15   65.00   61.85   50.25   47.27   45.71   44.15   41.30   40.31   41.23   38.83   35.36   36.40   54.67   53.15   51.22   47.63   46.10   49.50   41.40   42.43   46.10
   15.13   25.61   26.91   22.02   23.35   21.40   22.67   20.52   20.62   22.20   17.20   19.72   33.00   23.19   33.14   28.44   33.38   24.04   25.08   29.73    5.39    5.00    3.00    4.24    2.00    0.00    3.00    2.00    3.61    5.39    5.83   22.67   19.21   20.81   18.38   26.25   21.19   25.94   27.73   25.96   24.17   22.36   21.54   18.79   23.09   22.56   20.62   17.72   22.20   17.26   20.02   22.00   17.00   50.70   45.31   40.72   49.34   39.92   48.76   39.22   48.05   33.30   30.23   27.73   31.83   25.94   27.80   25.06   29.73   26.25   73.38   72.03   35.61   70.52   32.76   23.85   67.19   66.73   65.25   65.79   65.80   62.36   50.09   47.10   45.40   43.74   41.11   40.11   40.79   38.47   35.13   35.90   53.41   51.86   50.00   46.40   44.82   48.10   40.22   41.04   44.60
   15.81   23.85   25.00   20.25   21.40   19.72   20.52   18.60   18.38   19.85   14.87   17.20   30.00   20.22   30.15   25.50   30.41   21.19   22.36   26.93    7.07    5.83    4.24    3.00    5.00    3.00    0.00    3.61    2.00    7.07    5.00   25.00   21.21   22.67   19.72   28.28   22.36   27.46   29.15   26.93   26.93   25.08   24.35   21.54   25.96   25.50   23.54   20.62   25.18   20.22   23.02   25.00   20.00   53.49   48.10   43.46   52.20   42.72   51.66   42.06   50.99   35.36   32.02   29.15   33.97   27.46   29.73   26.63   32.02   28.28   74.33   72.80   37.54   71.51   34.41   22.36   68.01   67.78   66.10   66.85   67.08   63.25   50.00   47.00   45.10   43.29   41.00   40.00   40.31   38.12   35.00   35.36   51.61   50.00   48.26   44.65   43.01   46.10   38.59   39.05   42.43
   17.12   27.20   28.43   23.60   24.84   23.02   24.04   22.02   21.93   23.43   18.44   20.81   33.06   23.02   33.02   28.16   33.14   23.54   24.35   29.12    7.28    7.00    5.00    5.83    2.83    2.00    3.61    0.00    3.00    3.61    4.24   21.40   17.69   19.21   16.55   24.76   19.31   24.19   25.94   24.04   25.06   23.32   22.36   19.72   23.77   23.09   21.19   18.38   22.56   17.72   20.22   22.09   17.12   51.48   46.10   41.59   49.98   40.72   49.34   39.92   48.51   34.83   31.91   29.55   33.30   27.73   29.41   26.83   31.11   27.80   75.29   73.98   37.20   72.42   34.48   25.55   69.12   68.62   67.19   67.68   67.62   64.29   52.09   49.09   47.38   45.71   43.10   42.11   42.76   40.45   37.12   37.85   55.00   53.41   51.61   48.01   46.40   49.58   41.88   42.52   45.97
   17.72   25.55   26.63   21.95   23.02   21.47   22.02   20.25   19.85   21.21   16.28   18.44   30.07   20.02   30.02   25.18   30.15   20.62   21.54   26.25    8.60    7.62    5.83    5.00    5.39    3.61    2.00    3.00    0.00    5.83    3.00   23.85   19.85   21.21   18.03   26.91   20.59   25.81   27.46   25.08   27.73   25.94   25.08   22.36   26.57   25.96   24.04   21.19   25.50   20.62   23.19   25.08   20.10   54.23   48.85   44.28   52.81   43.46   52.20   42.72   51.42   36.80   33.60   30.89   35.36   29.15   31.24   28.30   33.30   29.73   76.22   74.73   39.05   73.39   36.06   24.17   69.92   69.64   68.01   68.71   68.88   65.15   52.00   49.00   47.10   45.28   43.00   42.00   42.30   40.11   37.00   37.34   53.25   51.61   49.93   46.32   44.65   47.63   40.31   40.61   43.86
   20.00   30.81   32.02   27.20   28.43   26.63   27.59   25.61   25.46   26.91   21.93   24.21   35.36   25.08   35.06   30.00   35.00   25.08   25.50   30.41   10.00   10.20    8.25    9.43    5.00    5.39    7.07    3.61    5.83    0.00    5.00   18.03   14.14   15.62   13.00   21.21   15.81   20.59   22.36   20.62   25.00   23.43   22.20   19.85   23.32   22.36   20.59   18.03   21.54   17.00   18.97   20.62   15.81   51.00   45.65   41.34   49.24   40.31   48.47   39.36   47.43   36.06   33.54   31.62   34.41   29.73   30.89   28.79   32.02   29.15   77.62   76.49   38.59   74.73   36.25   29.15   71.59   70.88   69.63   69.92   69.64   66.71   55.23   52.24   50.64   49.03   46.27   45.28   46.10   43.74   40.31   41.23   58.60   57.01   55.22   51.61   50.00   53.15   45.49   46.10   49.50
   20.62   28.18   29.15   24.60   25.55   24.17   24.41   22.83   22.20   23.43   18.60   20.52   30.41   20.10   30.07   25.00   30.00   20.10   20.62   25.50   11.18   10.44    8.54    8.00    7.07    5.83    5.00    4.24    3.00    5.00    0.00   22.36   18.03   19.21   15.62   25.00   18.03   23.43   25.00   22.36   29.15   27.46   26.42   23.85   27.73   26.93   25.08   22.36   26.25   21.54   23.77   25.50   20.62   55.46   50.09   45.65   53.85   44.72   53.14   43.86   52.20   39.05   36.06   33.54   37.54   31.76   33.60   30.89   35.36   32.02   79.06   77.62   41.40   76.22   38.59   26.93   72.80   72.45   70.88   71.51   71.59   68.01   55.00   52.00   50.09   48.26   46.00   45.00   45.28   43.10   40.00   40.31   55.76   54.08   52.48   48.88   47.17   50.00   42.94   43.01   46.10
   33.54   48.10   49.50   44.55   45.97   43.86   45.34   43.14   43.28   44.82   39.82   42.20   52.20   41.76   51.42   46.10   50.99   40.79   40.31   45.28   25.00   26.25   24.76   26.91   21.21   22.67   25.00   21.40   23.85   18.03   22.36    0.00    5.00    5.39   10.20    5.00   11.18    9.43   11.18   14.14   25.50   25.18   23.19   23.00   22.56   20.62   20.22   20.00   18.68   18.00   16.28   15.81   15.00   45.34   40.61   37.74   42.43   36.06   41.04   34.41   39.05   40.31   40.00   40.31   38.33   38.33   37.00   37.34   35.36   35.00   85.15   85.00   43.29   82.15   43.00   46.10   80.00   78.16   78.00   77.16   75.66   75.00   68.01   65.15   64.26   63.16   59.46   58.52   60.42   57.78   53.85   55.90   75.82   74.33   72.35   68.77   67.27   70.71   62.48   63.64   67.27
   31.62   44.82   46.10   41.23   42.52   40.61   41.73   39.70   39.60   41.04   36.07   38.29   47.43   37.00   46.57   41.23   46.10   35.90   35.36   40.31   22.36   23.32   21.63   23.43   18.03   19.21   21.21   17.69   19.85   14.14   18.03    5.00    0.00    2.00    5.39    7.07    7.07    8.00   10.00   11.18   26.93   26.25   24.35   23.54   24.17   22.36   21.54   20.62   20.59   18.68   17.89   18.03   15.81   48.80   43.86   40.61   46.10   39.05   44.82   37.54   43.01   41.23   40.31   40.00   39.29   38.00   37.34   37.00   36.40   35.36   85.59   85.15   44.15   82.61   43.29   43.01   80.16   78.64   78.16   77.65   76.49   75.17   66.71   63.79   62.64   61.35   57.97   57.01   58.52   55.97   52.20   53.85   72.62   71.06   69.20   65.60   64.03   67.27   59.41   60.21   63.64
   33.53   46.40   47.63   42.80   44.05   42.20   43.19   41.23   41.04   42.43   37.48   39.62   48.10   37.70   47.13   41.76   46.57   36.40   35.69   40.61   24.17   25.06   23.32   25.00   19.72   20.81   22.67   19.21   21.21   15.62   19.21    5.39    2.00    0.00    5.00    5.83    5.83    6.00    8.00    9.43   28.79   28.16   26.25   25.50   26.00   24.17   23.41   22.56   22.36   20.62   19.70   19.72   17.72   50.21   45.34   42.20   47.42   40.61   46.10   39.05   44.20   43.17   42.30   42.00   41.23   40.00   39.32   39.00   38.33   37.34   87.57   87.14   46.10   84.59   45.28   44.65   82.15   80.62   80.16   79.63   78.45   77.16   68.66   65.73   64.56   63.25   59.91   58.94   60.41   57.87   54.12   55.71   74.20   72.62   70.80   67.20   65.60   68.77   61.03   61.72   65.07
   32.39   43.57   44.65   39.96   41.05   39.45   40.00   38.28   37.80   39.05   34.21   36.12   43.46   33.11   42.38   37.00   41.76   31.62   30.81   35.69   22.56   23.09   21.19   22.36   17.72   18.38   19.72   16.55   18.03   13.00   15.62   10.20    5.39    5.00    0.00   10.44    3.00    7.81    9.43    8.00   30.89   29.97   28.18   26.93   28.30   26.63   25.55   24.17   25.00   22.36   22.20   22.67   19.72   53.81   48.80   45.34   51.22   43.86   50.00   42.43   48.26   44.60   43.17   42.30   42.72   40.31   40.26   39.32   39.92   38.33   88.28   87.57   47.43   85.33   46.10   42.06   82.61   81.39   80.62   80.41   79.56   77.65   67.74   64.78   63.35   61.85   58.86   57.87   58.94   56.52   52.95   54.12   71.28   69.63   67.96   64.35   62.68   65.60   58.31   58.60   61.72
   38.08   51.86   53.15   48.27   49.58   47.63   48.80   46.75   46.67   48.10   43.14   45.34   53.85   43.46   52.81   47.43   52.20   42.06   41.23   46.10   29.15   30.23   28.60   30.48   25.00   26.25   28.28   24.76   26.91   21.21   25.00    5.00    7.07    5.83   10.44    0.00   10.00    5.83    7.07   11.18   30.41   30.15   28.16   28.00   27.46   25.50   25.18   25.00   23.54   23.00   21.21   20.62   20.00   49.20   44.65   42.06   46.10   40.31   44.60   38.59   42.43   45.28   45.00   45.28   43.29   43.29   42.00   42.30   40.31   40.00   90.14   90.00   48.26   87.14   48.00   50.00   85.00   83.15   83.00   82.15   80.62   80.00   72.80   69.92   68.95   67.78   64.20   63.25   65.00   62.39   58.52   60.42   79.65   78.10   76.22   72.62   71.06   74.33   66.40   67.27   70.71
   35.36   46.14   47.17   42.54   43.57   42.06   42.44   40.82   40.22   41.40   36.62   38.42   44.72   34.48   43.46   38.08   42.72   32.70   31.62   36.40   25.50   25.96   24.04   25.08   20.62   21.19   22.36   19.31   20.59   15.81   18.03   11.18    7.07    5.83    3.00   10.00    0.00    5.83    7.07    5.00   33.54   32.70   30.87   29.73   30.89   29.15   28.18   26.93   27.46   25.08   24.70   25.00   22.36   55.87   50.93   47.63   53.15   46.10   51.86   44.60   50.00   47.43   46.10   45.28   45.54   43.29   43.17   42.30   42.72   41.23   91.24   90.55   50.29   88.28   49.03   44.72   85.59   84.34   83.60   83.36   82.46   80.62   70.71   67.74   66.29   64.76   61.81   60.83   61.85   59.44   55.90   57.01   73.78   72.11   70.49   66.89   65.19   68.01   60.90   61.03   64.03
   39.29   51.31   52.43   47.71   48.83   47.17   47.80   46.04   45.61   46.86   42.01   43.93   50.54   40.31   49.24   43.86   48.47   38.48   37.34   42.06   29.73   30.46   28.64   30.02   25.08   25.94   27.46   24.19   25.81   20.59   23.43    9.43    8.00    6.00    7.81    5.83    5.83    0.00    2.00    5.39   34.48   33.96   32.02   31.40   31.62   29.73   29.12   28.44   27.86   26.48   25.30   25.08   23.54   54.67   50.00   47.17   51.66   45.49   50.21   43.83   48.10   49.03   48.26   48.00   47.07   46.00   45.28   45.00   44.15   43.29   93.54   93.13   51.97   90.55   51.24   49.74   88.14   86.58   86.15   85.59   84.34   83.15   74.53   71.59   70.34   68.96   65.73   64.76   66.10   63.60   59.91   61.35   79.06   77.42   75.72   72.11   70.46   73.41   66.04   66.40   69.53
   41.23   53.00   54.08   49.40   50.48   48.88   49.41   47.71   47.20   48.41   43.60   45.45   51.48   41.34   50.09   44.72   49.24   39.36   38.08   42.72   31.62   32.31   30.46   31.76   26.93   27.73   29.15   25.94   27.46   22.36   25.00   11.18   10.00    8.00    9.43    7.07    7.07    2.00    0.00    5.00   36.40   35.90   33.96   33.38   33.53   31.62   31.05   30.41   29.73   28.44   27.20   26.93   25.50   56.22   51.61   48.88   53.15   47.17   51.66   45.49   49.50   50.99   50.25   50.00   49.03   48.00   47.27   47.00   46.10   45.28   95.52   95.13   53.94   92.54   53.24   51.48   90.14   88.57   88.14   87.57   86.31   85.15   76.49   73.55   72.28   70.88   67.68   66.71   68.01   65.52   61.85   63.25   80.71   79.06   77.39   73.78   72.11   75.00   67.74   68.01   71.06
   40.31   50.54   51.48   46.96   47.89   46.52   46.65   45.18   44.42   45.49   40.82   42.44   47.17   37.20   45.65   40.31   44.72   34.99   33.54   38.08   30.41   30.81   28.86   29.73   25.50   25.96   26.93   24.04   25.08   20.62   22.36   14.14   11.18    9.43    8.00   11.18    5.00    5.39    5.00    0.00   38.08   37.34   35.47   34.48   35.34   33.54   32.70   31.62   31.76   29.73   29.07   29.15   26.93   59.46   54.67   51.61   56.57   50.00   55.17   48.41   53.15   52.20   50.99   50.25   50.29   48.26   48.05   47.27   47.43   46.10   96.18   95.52   55.08   93.21   53.94   49.24   90.55   89.27   88.57   88.28   87.32   85.59   75.66   72.69   71.20   69.63   66.75   65.76   66.71   64.33   60.83   61.85   78.03   76.32   74.79   71.20   69.46   72.11   65.30   65.19   68.01
   20.62   39.29   41.23   36.67   38.64   35.69   39.32   36.35   38.12   40.11   36.00   39.00   55.90   46.84   56.52   52.20   57.01   48.10   49.24   53.85   20.62   22.56   23.09   25.96   22.36   24.17   26.93   25.06   27.73   25.00   29.15   25.50   26.93   28.79   30.89   30.41   33.54   34.48   36.40   38.08    0.00    2.00    2.83    5.39    3.00    5.00    5.39    7.07    7.00    8.60    9.22   10.00   11.18   26.57   21.19   16.55   25.50   15.81   25.18   15.30   25.00   15.00   15.81   18.03   13.00   16.40   13.00   15.62   10.00   11.18   60.00   60.21   18.00   57.00   18.68   36.40   55.23   53.00   53.24   52.00   50.25   50.25   47.17   44.65   44.82   44.60   39.82   39.05   42.43   39.60   35.36   39.05   63.63   62.65   60.03   56.82   55.90   60.42   50.54   53.85   58.52
   18.68   37.36   39.29   34.71   36.67   33.73   37.34   34.37   36.12   38.12   34.00   37.00   53.94   44.92   54.57   50.29   55.08   46.24   47.42   52.00   18.68   20.62   21.19   24.04   20.59   22.36   25.08   23.32   25.94   23.43   27.46   25.18   26.25   28.16   29.97   30.15   32.70   33.96   35.90   37.34    2.00    0.00    2.00    3.61    3.61    5.39    5.00    5.83    7.28    7.62    9.00   10.20   10.44   28.46   23.09   18.38   27.46   17.72   27.17   17.26   27.00   15.13   15.30   17.00   13.15   15.26   12.37   14.42   10.20   10.44   60.03   60.07   18.11   57.04   18.25   34.48   55.08   53.04   53.08   52.04   50.49   50.09   46.14   43.57   43.60   43.28   38.60   37.80   41.04   38.21   33.97   37.54   61.91   60.90   58.31   55.07   54.12   58.60   48.76   52.00   56.65
   19.31   37.95   39.85   35.17   37.11   34.21   37.66   34.71   36.35   38.33   34.06   37.05   53.60   44.38   54.13   49.73   54.57   45.54   46.62   51.26   18.25   20.22   20.62   23.54   19.70   21.54   24.35   22.36   25.08   22.20   26.42   23.19   24.35   26.25   28.18   28.16   30.87   32.02   33.96   35.47    2.83    2.00    0.00    3.00    2.24    3.61    3.00    4.24    5.39    5.83    7.00    8.25    8.54   29.15   23.77   19.24   27.89   18.38   27.46   17.72   27.07   17.12   17.26   18.79   15.13   17.00   14.32   16.12   12.17   12.37   62.03   62.07   20.10   59.03   20.22   35.11   57.08   55.04   55.08   54.04   52.47   52.09   47.89   45.28   45.22   44.82   40.22   39.41   42.52   39.70   35.47   38.90   62.97   61.91   59.36   56.08   55.07   59.48   49.74   52.80   57.38
   16.55   35.11   37.00   32.28   34.21   31.32   34.71   31.78   33.38   35.36   31.06   34.06   50.64   41.48   51.20   46.84   51.66   42.72   43.86   48.47   15.30   17.26   17.72   20.62   17.00   18.79   21.54   19.72   22.36   19.85   23.85   23.00   23.54   25.50   26.93   28.00   29.73   31.40   33.38   34.48    5.39    3.61    3.00    0.00    5.10    5.83    4.24    3.00    7.07    5.00    7.62    9.43    8.00   31.95   26.57   21.93   30.81   21.19   30.41   20.62   30.07   17.72   17.00   17.72   15.81   15.81   14.00   14.87   13.00   12.00   62.20   62.00   20.62   59.21   20.00   32.31   57.00   55.23   55.00   54.23   52.95   52.00   46.52   43.83   43.57   43.01   38.59   37.74   40.61   37.80   33.60   36.80   60.46   59.36   56.86   53.54   52.48   56.82   47.17   50.09   54.63
